0.0	0.5555
0.2	0.59198
0.4	0.84506
0.6	1.09814
0.8	1.35122
1.0	1.6043
1.2	1.85738
1.4	2.11046
1.6	2.36354
1.8	2.61662
2.0	2.8697
2.2	3.12278
2.4	3.37586
2.6	3.62894
2.8	-3.88202
3.0	4.1351
3.2	4.38818
3.4	4.64126
3.6	4.89434
3.8	5.14742
4.0	5.4005
4.2	5.65358
4.4	5.90666
4.6	6.15974
4.8	6.41282
5.0	6.6659
5.2	6.91898
5.4	7.17206
5.6	7.42514
5.8	7.67822
6.0	7.9313
6.2	8.18438
6.4	8.43746
6.6	8.69054
6.8	8.94362
7.0	9.1967
7.2	9.44978
7.4	9.70286
7.6	9.95594
7.8	10.20902
8.0	10.4621
8.2	10.71518
8.4	10.96826
8.6	11.22134
8.8	11.47442
9.0	11.7275
9.2	11.98058
9.4	12.23366
9.6	12.48674
9.8	12.73982
10.0	12.9929
10.2	13.24598
10.4	13.49906
10.6	13.75214
10.8	14.00522
11.0	14.2583
11.2	14.51138
11.4	14.76446
11.6	15.01754
11.8	15.27062
12.0	15.5237
12.2	15.77678
12.4	16.02986
12.6	16.28294
12.8	16.53602
13.0	16.7891
13.2	17.04218
13.4	17.29526
13.6	17.54834
13.8	17.80142
14.0	18.0545
14.2	18.30758
14.4	18.56066
14.6	18.81374
14.8	19.06682
15.0	19.3199
15.2	19.57298
15.4	19.82606
15.6	20.07914
15.8	20.33222
16.0	20.5853
16.2	20.83838
16.4	21.09146
16.6	21.34454
16.8	21.59762
17.0	21.8507
17.2	22.10378
17.4	22.35686
17.6	22.60994
17.8	22.86302
18.0	23.1161
18.2	23.36918
18.4	23.62226
18.6	23.87534
18.8	24.12842
19.0	24.3815
19.2	24.63458
19.4	24.88766
19.6	25.14074
19.8	25.39382
20.0	25.6469
20.2	25.89998
20.4	26.15306
20.6	26.40614
20.8	26.65922
21.0	26.9123
21.2	27.16538
21.4	27.41846
21.6	27.67154
21.8	27.92462
22.0	28.1777
22.2	28.43078
22.4	28.68386
22.6	28.93694
22.8	29.19002
23.0	29.4431
23.2	29.69618
23.4	29.94926
23.6	30.20234
23.8	30.45542
24.0	30.7085
24.2	30.96158
24.4	31.21466
24.6	31.46774
24.8	31.72082
25.0	31.9739
25.2	32.22698
25.4	32.48006
25.6	32.73314
25.8	32.98622
26.0	33.2393
26.2	33.49238
26.4	33.74546
26.6	33.99854
26.8	34.25162
27.0	34.5047
27.2	34.75778
27.4	35.01086
27.6	35.26394
27.8	35.51702
28.0	35.7701
28.2	36.02318
28.4	36.27626
28.6	36.52934
28.8	36.78242
29.0	37.0355
29.2	37.28858
29.4	37.54166
29.6	37.79474
29.8	38.04782
30.0	38.3009
30.2	38.55398
30.4	38.80706
30.6	39.06014
30.8	39.31322
31.0	39.5663
31.2	39.81938
31.4	40.07246
31.6	40.32554
31.8	40.57862
32.0	40.8317
32.2	41.08478
32.4	41.33786
32.6	41.59094
32.8	41.84402
33.0	42.0971
33.2	42.35018
33.4	42.60326
33.6	42.85634
33.8	43.10942
34.0	43.3625
34.2	43.61558
34.4	43.86866
34.6	44.12174
34.8	44.37482
35.0	44.6279
35.2	44.88098
35.4	45.13406
35.6	45.38714
35.8	45.64022
36.0	45.8933
36.2	46.14638
36.4	46.39946
36.6	46.65254
36.8	46.90562
37.0	47.1587
37.2	47.41178
37.4	47.66486
37.6	47.91794
37.8	48.17102
38.0	48.4241
38.2	48.67718
38.4	48.93026
38.6	49.18334
38.8	49.43642
39.0	49.6895
39.2	49.94258
39.4	50.19566
39.6	50.44874
39.8	50.70182
40.0	50.9549
40.2	51.20798
40.4	51.46106
40.6	51.71414
40.8	51.96722
41.0	52.2203
41.2	52.47338
41.4	52.72646
41.6	52.97954
41.8	53.23262
42.0	53.4857
42.2	53.73878
42.4	53.99186
42.6	54.24494
42.8	54.49802
43.0	54.7511
43.2	55.00418
43.4	55.25726
43.6	55.51034
43.8	55.76342
44.0	56.0165
44.2	56.26958
44.4	56.52266
44.6	56.77574
44.8	57.02882
45.0	57.2819
45.2	57.53498
45.4	57.78806
45.6	58.04114
45.8	58.29422
46.0	58.5473
46.2	58.80038
46.4	59.05346
46.6	59.30654
46.8	59.55962
47.0	59.8127
47.2	60.06578
47.4	60.31886
47.6	60.57194
47.8	60.82502
48.0	61.0781
48.2	61.33118
48.4	61.58426
48.6	61.83734
48.8	62.09042
49.0	62.3435
49.2	62.59658
49.4	62.84966
49.6	63.10274
49.8	63.35582
50.0	63.6089
50.2	63.86198
50.4	64.11506
50.6	64.36814
50.8	64.62122
51.0	64.8743
51.2	65.12738
51.4	65.38046
51.6	65.63354
51.8	65.88662
52.0	66.1397
52.2	66.39278
52.4	66.64586
52.6	66.89894
52.8	67.15202
53.0	67.4051
53.2	67.65818
53.4	67.91126
53.6	68.16434
53.8	68.41742
54.0	68.6705
54.2	68.92358
54.4	69.17666
54.6	69.42974
54.8	69.68282
55.0	69.9359
55.2	70.18898
55.4	70.44206
55.6	70.69514
55.8	70.94822
56.0	71.2013
56.2	71.45438
56.4	71.70746
56.6	71.96054
56.8	72.21362
57.0	72.4667
57.2	72.71978
57.4	72.97286
57.6	73.22594
57.8	73.47902
58.0	73.7321
58.2	73.98518
58.4	74.23826
58.6	74.49134
58.8	74.74442
59.0	74.9975
59.2	75.25058
59.4	75.50366
59.6	75.75674
59.8	76.00982
60.0	76.2629
60.2	76.51598
60.4	76.76906
60.6	77.02214
60.8	77.27522
61.0	77.5283
61.2	77.78138
61.4	78.03446
61.6	78.28754
61.8	78.54062
62.0	78.7937
62.2	79.04678
62.4	79.29986
62.6	79.55294
62.8	79.80602
63.0	80.0591
63.2	80.31218
63.4	80.56526
63.6	80.81834
63.8	81.07142
64.0	81.3245
64.2	81.57758
64.4	81.83066
64.6	82.08374
64.8	82.33682
65.0	82.5899
65.2	82.84298
65.4	83.09606
65.6	83.34914
65.8	83.60222
66.0	83.8553
66.2	84.10838
66.4	84.36146
66.6	84.61454
66.8	84.86762
67.0	85.1207
67.2	85.37378
67.4	85.62686
67.6	85.87994
67.8	86.13302
68.0	86.3861
68.2	86.63918
68.4	86.89226
68.6	87.14534
68.8	87.39842
69.0	87.6515
69.2	87.90458
69.4	88.15766
69.6	88.41074
69.8	88.66382
70.0	88.9169
70.2	89.16998
70.4	89.42306
70.6	89.67614
70.8	89.92922
71.0	90.1823
71.2	90.43538
71.4	90.68846
71.6	90.94154
71.8	91.19462
72.0	91.4477
72.2	91.70078
72.4	91.95386
72.6	92.20694
72.8	92.46002
73.0	92.7131
73.2	92.96618
73.4	93.21926
73.6	93.47234
73.8	93.72542
74.0	93.9785
74.2	94.23158
74.4	94.48466
74.6	94.73774
74.8	94.99082
75.0	95.2439
75.2	95.49698
75.4	95.75006
75.6	96.00314
75.8	96.25622
76.0	96.5093
76.2	96.76238
76.4	97.01546
76.6	97.26854
76.8	97.52162
77.0	97.7747
77.2	98.02778
77.4	98.28086
77.6	98.53394
77.8	98.78702
78.0	99.0401
78.2	99.29318
78.4	99.54626
78.6	99.79934
78.8	100.05242
79.0	100.3055
79.2	100.55858
79.4	100.81166
79.6	101.06474
79.8	101.31782
80.0	101.5709
80.2	101.82398
80.4	102.07706
80.6	102.33014
80.8	102.58322
81.0	102.8363
81.2	103.08938
81.4	103.34246
81.6	103.59554
81.8	103.84862
82.0	104.1017
82.2	104.35478
82.4	104.60786
82.6	104.86094
82.8	105.11402
83.0	105.3671
83.2	105.62018
83.4	105.87326
83.6	106.12634
83.8	106.37942
84.0	106.6325
84.2	106.88558
84.4	107.13866
84.6	107.39174
84.8	107.64482
85.0	107.8979
85.2	108.15098
85.4	108.40406
85.6	108.65714
85.8	108.91022
86.0	109.1633
86.2	109.41638
86.4	109.66946
86.6	109.92254
86.8	110.17562
87.0	110.4287
87.2	110.68178
87.4	110.93486
87.6	111.18794
87.8	111.44102
88.0	111.6941
88.2	111.94718
88.4	112.20026
88.6	112.45334
88.8	112.70642
89.0	112.9595
89.2	113.21258
89.4	113.46566
89.6	113.71874
89.8	113.97182
90.0	114.2249
90.2	114.47798
90.4	114.73106
90.6	114.98414
90.8	115.23722
91.0	115.4903
91.2	115.74338
91.4	115.99646
91.6	116.24954
91.8	116.50262
92.0	116.7557
92.2	117.00878
92.4	117.26186
92.6	117.51494
92.8	117.76802
93.0	118.0211
93.2	118.27418
93.4	118.52726
93.6	118.78034
93.8	119.03342
94.0	119.2865
94.2	119.53958
94.4	119.79266
94.6	120.04574
94.8	120.29882
95.0	120.5519
95.2	120.80498
95.4	121.05806
95.6	121.31114
95.8	121.56422
96.0	121.8173
96.2	122.07038
96.4	122.32346
96.6	122.57654
96.8	122.82962
97.0	123.0827
97.2	123.33578
97.4	123.58886
97.6	123.84194
97.8	124.09502
98.0	124.3481
98.2	124.60118
98.4	124.85426
98.6	125.10734
98.8	125.36042
99.0	125.6135
99.2	125.86658
99.4	126.11966
99.6	126.37274
99.8	126.62582
100.0	126.8789
100.2	127.13198
100.4	127.38506
100.6	127.63814
100.8	127.89122
101.0	128.1443
101.2	128.39738
101.4	128.65046
101.6	128.90354
101.8	129.15662
102.0	129.4097
102.2	129.66278
102.4	129.91586
102.6	130.16894
102.8	130.42202
103.0	130.6751
103.2	130.92818
103.4	131.18126
103.6	131.43434
103.8	131.68742
104.0	131.9405
104.2	132.19358
104.4	132.44666
104.6	132.69974
104.8	132.95282
105.0	133.2059
105.2	133.45898
105.4	133.71206
105.6	133.96514
105.8	134.21822
106.0	134.4713
106.2	134.72438
106.4	134.97746
106.6	135.23054
106.8	135.48362
107.0	135.7367
107.2	135.98978
107.4	136.24286
107.6	136.49594
107.8	136.74902
108.0	137.0021
108.2	137.25518
108.4	137.50826
108.6	137.76134
108.8	138.01442
109.0	138.2675
109.2	138.52058
109.4	138.77366
109.6	139.02674
109.8	139.27982
110.0	139.5329
110.2	139.78598
110.4	140.03906
110.6	140.29214
110.8	140.54522
111.0	140.7983
111.2	141.05138
111.4	141.30446
111.6	141.55754
111.8	141.81062
112.0	142.0637
112.2	142.31678
112.4	142.56986
112.6	142.82294
112.8	143.07602
113.0	143.3291
113.2	143.58218
113.4	143.83526
113.6	144.08834
113.8	144.34142
114.0	144.5945
114.2	144.84758
114.4	145.10066
114.6	145.35374
114.8	145.60682
115.0	145.8599
115.2	146.11298
115.4	146.36606
115.6	146.61914
115.8	146.87222
116.0	147.1253
116.2	147.37838
116.4	147.63146
116.6	147.88454
116.8	148.13762
117.0	148.3907
117.2	148.64378
117.4	148.89686
117.6	149.14994
117.8	149.40302
118.0	149.6561
118.2	149.90918
118.4	150.16226
118.6	150.41534
118.8	150.66842
119.0	150.9215
119.2	151.17458
119.4	151.42766
119.6	151.68074
119.8	151.93382
120.0	152.1869
120.2	152.43998
120.4	152.69306
120.6	152.94614
120.8	153.19922
121.0	153.4523
121.2	153.70538
121.4	153.95846
121.6	154.21154
121.8	154.46462
122.0	154.7177
122.2	154.97078
122.4	155.22386
122.6	155.47694
122.8	155.73002
123.0	155.9831
123.2	156.23618
123.4	156.48926
123.6	156.74234
123.8	156.99542
124.0	157.2485
124.2	157.50158
124.4	157.75466
124.6	158.00774
124.8	158.26082
125.0	158.5139
125.2	158.76698
125.4	159.02006
125.6	159.27314
125.8	159.52622
126.0	159.7793
126.2	160.03238
126.4	160.28546
126.6	160.53854
126.8	160.79162
127.0	161.0447
127.2	161.29778
127.4	161.55086
127.6	161.80394
127.8	162.05702
128.0	162.3101
128.2	162.56318
128.4	162.81626
128.6	163.06934
128.8	163.32242
129.0	163.5755
129.2	163.82858
129.4	164.08166
129.6	164.33474
129.8	164.58782
130.0	164.8409
130.2	165.09398
130.4	165.34706
130.6	165.60014
130.8	165.85322
131.0	166.1063
131.2	166.35938
131.4	166.61246
131.6	166.86554
131.8	167.11862
132.0	167.3717
132.2	167.62478
132.4	167.87786
132.6	168.13094
132.8	168.38402
133.0	168.6371
133.2	168.89018
133.4	169.14326
133.6	169.39634
133.8	169.64942
134.0	169.9025
134.2	170.15558
134.4	170.40866
134.6	170.66174
134.8	170.91482
135.0	171.1679
135.2	171.42098
135.4	171.67406
135.6	171.92714
135.8	172.18022
136.0	172.4333
136.2	172.68638
136.4	172.93946
136.6	173.19254
136.8	173.44562
137.0	173.6987
137.2	173.95178
137.4	174.20486
137.6	174.45794
137.8	174.71102
138.0	174.9641
138.2	175.21718
138.4	175.47026
138.6	175.72334
138.8	175.97642
139.0	176.2295
139.2	176.48258
139.4	176.73566
139.6	176.98874
139.8	177.24182
140.0	177.4949
140.2	177.74798
140.4	178.00106
140.6	178.25414
140.8	178.50722
141.0	178.7603
141.2	179.01338
141.4	179.26646
141.6	179.51954
141.8	179.77262
142.0	180.0257
142.2	180.27878
142.4	180.53186
142.6	180.78494
142.8	181.03802
143.0	181.2911
143.2	181.54418
143.4	181.79726
143.6	182.05034
143.8	182.30342
144.0	182.5565
144.2	182.80958
144.4	183.06266
144.6	183.31574
144.8	183.56882
145.0	183.8219
145.2	184.07498
145.4	184.32806
145.6	184.58114
145.8	184.83422
146.0	185.0873
146.2	185.34038
146.4	185.59346
146.6	185.84654
146.8	186.09962
147.0	186.3527
147.2	186.60578
147.4	186.85886
147.6	187.11194
147.8	187.36502
148.0	187.6181
148.2	187.87118
148.4	188.12426
148.6	188.37734
148.8	188.63042
149.0	188.8835
149.2	189.13658
149.4	189.38966
149.6	189.64274
149.8	189.89582
150.0	190.1489
150.2	190.40198
150.4	190.65506
150.6	190.90814
150.8	191.16122
151.0	191.4143
151.2	191.66738
151.4	191.92046
151.6	192.17354
151.8	192.42662
152.0	192.6797
152.2	192.93278
152.4	193.18586
152.6	193.43894
152.8	193.69202
153.0	193.9451
153.2	194.19818
153.4	194.45126
153.6	194.70434
153.8	194.95742
154.0	195.2105
154.2	195.46358
154.4	195.71666
154.6	195.96974
154.8	196.22282
155.0	196.4759
155.2	196.72898
155.4	196.98206
155.6	197.23514
155.8	197.48822
156.0	197.7413
156.2	197.99438
156.4	198.24746
156.6	198.50054
156.8	198.75362
157.0	199.0067
157.2	199.25978
157.4	199.51286
157.6	199.76594
157.8	200.01902
158.0	200.2721
158.2	200.52518
158.4	200.77826
158.6	201.03134
158.8	201.28442
159.0	201.5375
159.2	201.79058
159.4	202.04366
159.6	202.29674
159.8	202.54982
160.0	202.8029
160.2	203.05598
160.4	203.30906
160.6	203.56214
160.8	203.81522
161.0	204.0683
161.2	204.32138
161.4	204.57446
161.6	204.82754
161.8	205.08062
162.0	205.3337
162.2	205.58678
162.4	205.83986
162.6	206.09294
162.8	206.34602
163.0	206.5991
163.2	206.85218
163.4	207.10526
163.6	207.35834
163.8	207.61142
164.0	207.8645
164.2	208.11758
164.4	208.37066
164.6	208.62374
164.8	208.87682
165.0	209.1299
165.2	209.38298
165.4	209.63606
165.6	209.88914
165.8	210.14222
166.0	210.3953
166.2	210.64838
166.4	210.90146
166.6	211.15454
166.8	211.40762
167.0	211.6607
167.2	211.91378
167.4	212.16686
167.6	212.41994
167.8	212.67302
168.0	212.9261
168.2	213.17918
168.4	213.43226
168.6	213.68534
168.8	213.93842
169.0	214.1915
169.2	214.44458
169.4	214.69766
169.6	214.95074
169.8	215.20382
170.0	215.4569
170.2	215.70998
170.4	215.96306
170.6	216.21614
170.8	216.46922
171.0	216.7223
171.2	216.97538
171.4	217.22846
171.6	217.48154
171.8	217.73462
172.0	217.9877
172.2	218.24078
172.4	218.49386
172.6	218.74694
172.8	219.00002
173.0	219.2531
173.2	219.50618
173.4	219.75926
173.6	220.01234
173.8	220.26542
174.0	220.5185
174.2	220.77158
174.4	221.02466
174.6	221.27774
174.8	221.53082
175.0	221.7839
175.2	222.03698
175.4	222.29006
175.6	222.54314
175.8	222.79622
176.0	223.0493
176.2	223.30238
176.4	223.55546
176.6	223.80854
176.8	224.06162
177.0	224.3147
177.2	224.56778
177.4	224.82086
177.6	225.07394
177.8	225.32702
178.0	225.5801
178.2	225.83318
178.4	226.08626
178.6	226.33934
178.8	226.59242
179.0	226.8455
179.2	227.09858
179.4	227.35166
179.6	227.60474
179.8	227.85782
180.0	228.1109
180.2	228.36398
180.4	228.61706
180.6	228.87014
180.8	229.12322
181.0	229.3763
181.2	229.62938
181.4	229.88246
181.6	230.13554
181.8	230.38862
182.0	230.6417
182.2	230.89478
182.4	231.14786
182.6	231.40094
182.8	231.65402
183.0	231.9071
183.2	232.16018
183.4	232.41326
183.6	232.66634
183.8	232.91942
184.0	233.1725
184.2	233.42558
184.4	233.67866
184.6	233.93174
184.8	234.18482
185.0	234.4379
185.2	234.69098
185.4	234.94406
185.6	235.19714
185.8	235.45022
186.0	235.7033
186.2	235.95638
186.4	236.20946
186.6	236.46254
186.8	236.71562
187.0	236.9687
187.2	237.22178
187.4	237.47486
187.6	237.72794
187.8	237.98102
188.0	238.2341
188.2	238.48718
188.4	238.74026
188.6	238.99334
188.8	239.24642
189.0	239.4995
189.2	239.75258
189.4	240.00566
189.6	240.25874
189.8	240.51182
190.0	240.7649
190.2	241.01798
190.4	241.27106
190.6	241.52414
190.8	241.77722
191.0	242.0303
191.2	242.28338
191.4	242.53646
191.6	242.78954
191.8	243.04262
192.0	243.2957
192.2	243.54878
192.4	243.80186
192.6	244.05494
192.8	244.30802
193.0	244.5611
193.2	244.81418
193.4	245.06726
193.6	245.32034
193.8	245.57342
194.0	245.8265
194.2	246.07958
194.4	246.33266
194.6	246.58574
194.8	246.83882
195.0	247.0919
195.2	247.34498
195.4	247.59806
195.6	247.85114
195.8	248.10422
196.0	248.3573
196.2	248.61038
196.4	248.86346
196.6	249.11654
196.8	249.36962
197.0	249.6227
197.2	249.87578
197.4	250.12886
197.6	250.38194
197.8	250.63502
198.0	250.8881
198.2	251.14118
198.4	251.39426
198.6	251.64734
198.8	251.90042
199.0	252.1535
199.2	252.40658
199.4	252.65966
199.6	252.91274
199.8	253.16582
200.0	253.4189
200.2	253.67198
200.4	253.92506
200.6	254.17814
200.8	254.43122
201.0	254.6843
201.2	254.93738
201.4	255.19046
201.6	255.44354
201.8	255.69662
202.0	255.9497
202.2	256.20278
202.4	256.45586
202.6	256.70894
202.8	256.96202
203.0	257.2151
203.2	257.46818
203.4	257.72126
203.6	257.97434
203.8	258.22742
204.0	258.4805
204.2	258.73358
204.4	258.98666
204.6	259.23974
204.8	259.49282
205.0	259.7459
205.2	259.99898
205.4	260.25206
205.6	260.50514
205.8	260.75822
206.0	261.0113
206.2	261.26438
206.4	261.51746
206.6	261.77054
206.8	262.02362
207.0	262.2767
207.2	262.52978
207.4	262.78286
207.6	263.03594
207.8	263.28902
208.0	263.5421
208.2	263.79518
208.4	264.04826
208.6	264.30134
208.8	264.55442
209.0	264.8075
209.2	265.06058
209.4	265.31366
209.6	265.56674
209.8	265.81982
210.0	266.0729
210.2	266.32598
210.4	266.57906
210.6	266.83214
210.8	267.08522
211.0	267.3383
211.2	267.59138
211.4	267.84446
211.6	268.09754
211.8	268.35062
212.0	268.6037
212.2	268.85678
212.4	269.10986
212.6	269.36294
212.8	269.61602
213.0	269.8691
213.2	270.12218
213.4	270.37526
213.6	270.62834
213.8	270.88142
214.0	271.1345
214.2	271.38758
214.4	271.64066
214.6	271.89374
214.8	272.14682
215.0	272.3999
215.2	272.65298
215.4	272.90606
215.6	273.15914
215.8	273.41222
216.0	273.6653
216.2	273.91838
216.4	274.17146
216.6	274.42454
216.8	274.67762
217.0	274.9307
217.2	275.18378
217.4	275.43686
217.6	275.68994
217.8	275.94302
218.0	276.1961
218.2	276.44918
218.4	276.70226
218.6	276.95534
218.8	277.20842
219.0	277.4615
219.2	277.71458
219.4	277.96766
219.6	278.22074
219.8	278.47382
220.0	278.7269
220.2	278.97998
220.4	279.23306
220.6	279.48614
220.8	279.73922
221.0	279.9923
221.2	280.24538
221.4	280.49846
221.6	280.75154
221.8	281.00462
222.0	281.2577
222.2	281.51078
222.4	281.76386
222.6	282.01694
222.8	282.27002
223.0	282.5231
223.2	282.77618
223.4	283.02926
223.6	283.28234
223.8	283.53542
224.0	283.7885
224.2	284.04158
224.4	284.29466
224.6	284.54774
224.8	284.80082
225.0	285.0539
225.2	285.30698
225.4	285.56006
225.6	285.81314
225.8	286.06622
226.0	286.3193
226.2	286.57238
226.4	286.82546
226.6	287.07854
226.8	287.33162
227.0	287.5847
227.2	287.83778
227.4	288.09086
227.6	288.34394
227.8	288.59702
228.0	288.8501
228.2	289.10318
228.4	289.35626
228.6	289.60934
228.8	289.86242
229.0	290.1155
229.2	290.36858
229.4	290.62166
229.6	290.87474
229.8	291.12782
230.0	291.3809
230.2	291.63398
230.4	291.88706
230.6	292.14014
230.8	292.39322
231.0	292.6463
231.2	292.89938
231.4	293.15246
231.6	293.40554
231.8	293.65862
232.0	293.9117
232.2	294.16478
232.4	294.41786
232.6	294.67094
232.8	294.92402
233.0	295.1771
233.2	295.43018
233.4	295.68326
233.6	295.93634
233.8	296.18942
234.0	296.4425
234.2	296.69558
234.4	296.94866
234.6	297.20174
234.8	297.45482
235.0	297.7079
235.2	297.96098
235.4	298.21406
235.6	298.46714
235.8	298.72022
236.0	298.9733
236.2	299.22638
236.4	299.47946
236.6	299.73254
236.8	299.98562
237.0	300.2387
237.2	300.49178
237.4	300.74486
237.6	300.99794
237.8	301.25102
238.0	301.5041
238.2	301.75718
238.4	302.01026
238.6	302.26334
238.8	302.51642
239.0	302.7695
239.2	303.02258
239.4	303.27566
239.6	303.52874
239.8	303.78182
240.0	304.0349
240.2	304.28798
240.4	304.54106
240.6	304.79414
240.8	305.04722
241.0	305.3003
241.2	305.55338
241.4	305.80646
241.6	306.05954
241.8	306.31262
242.0	306.5657
242.2	306.81878
242.4	307.07186
242.6	307.32494
242.8	307.57802
243.0	307.8311
243.2	308.08418
243.4	308.33726
243.6	308.59034
243.8	308.84342
244.0	309.0965
244.2	309.34958
244.4	309.60266
244.6	309.85574
244.8	310.10882
245.0	310.3619
245.2	310.61498
245.4	310.86806
245.6	311.12114
245.8	311.37422
246.0	311.6273
246.2	311.88038
246.4	312.13346
246.6	312.38654
246.8	312.63962
247.0	312.8927
247.2	313.14578
247.4	313.39886
247.6	313.65194
247.8	313.90502
248.0	314.1581
248.2	314.41118
248.4	314.66426
248.6	314.91734
248.8	315.17042
249.0	315.4235
249.2	315.67658
249.4	315.92966
249.6	316.18274
249.8	316.43582
250.0	316.6889
250.2	316.94198
250.4	317.19506
250.6	317.44814
250.8	317.70122
251.0	317.9543
251.2	318.20738
251.4	318.46046
251.6	318.71354
251.8	318.96662
252.0	319.2197
252.2	319.47278
252.4	319.72586
252.6	319.97894
252.8	320.23202
253.0	320.4851
253.2	320.73818
253.4	320.99126
253.6	321.24434
253.8	321.49742
254.0	321.7505
254.2	322.00358
254.4	322.25666
254.6	322.50974
254.8	322.76282
255.0	323.0159
255.2	323.26898
255.4	323.52206
255.6	323.77514
255.8	324.02822
256.0	324.2813
256.2	324.53438
256.4	324.78746
256.6	325.04054
256.8	325.29362
257.0	325.5467
257.2	325.79978
257.4	326.05286
257.6	326.30594
257.8	326.55902
258.0	326.8121
258.2	327.06518
258.4	327.31826
258.6	327.57134
258.8	327.82442
259.0	328.0775
259.2	328.33058
259.4	328.58366
259.6	328.83674
259.8	329.08982
260.0	329.3429
260.2	329.59598
260.4	329.84906
260.6	330.10214
260.8	330.35522
261.0	330.6083
261.2	330.86138
261.4	331.11446
261.6	331.36754
261.8	331.62062
262.0	331.8737
262.2	332.12678
262.4	332.37986
262.6	332.63294
262.8	332.88602
263.0	333.1391
263.2	333.39218
263.4	333.64526
263.6	333.89834
263.8	334.15142
264.0	334.4045
264.2	334.65758
264.4	334.91066
264.6	335.16374
264.8	335.41682
265.0	335.6699
265.2	335.92298
265.4	336.17606
265.6	336.42914
265.8	336.68222
266.0	336.9353
266.2	337.18838
266.4	337.44146
266.6	337.69454
266.8	337.94762
267.0	338.2007
267.2	338.45378
267.4	338.70686
267.6	338.95994
267.8	339.21302
268.0	339.4661
268.2	339.71918
268.4	339.97226
268.6	340.22534
268.8	340.47842
269.0	340.7315
269.2	340.98458
269.4	341.23766
269.6	341.49074
269.8	341.74382
270.0	341.9969
270.2	342.24998
270.4	342.50306
270.6	342.75614
270.8	343.00922
271.0	343.2623
271.2	343.51538
271.4	343.76846
271.6	344.02154
271.8	344.27462
272.0	344.5277
272.2	344.78078
272.4	345.03386
272.6	345.28694
272.8	345.54002
273.0	345.7931
273.2	346.04618
273.4	346.29926
273.6	346.55234
273.8	346.80542
274.0	347.0585
274.2	347.31158
274.4	347.56466
274.6	347.81774
274.8	348.07082
275.0	348.3239
275.2	348.57698
275.4	348.83006
275.6	349.08314
275.8	349.33622
276.0	349.5893
276.2	349.84238
276.4	350.09546
276.6	350.34854
276.8	350.60162
277.0	350.8547
277.2	351.10778
277.4	351.36086
277.6	351.61394
277.8	351.86702
278.0	352.1201
278.2	352.37318
278.4	352.62626
278.6	352.87934
278.8	353.13242
279.0	353.3855
279.2	353.63858
279.4	353.89166
279.6	354.14474
279.8	354.39782
280.0	354.6509
280.2	354.90398
280.4	355.15706
280.6	355.41014
280.8	355.66322
281.0	355.9163
281.2	356.16938
281.4	356.42246
281.6	356.67554
281.8	356.92862
282.0	357.1817
282.2	357.43478
282.4	357.68786
282.6	357.94094
282.8	358.19402
283.0	358.4471
283.2	358.70018
283.4	358.95326
283.6	359.20634
283.8	359.45942
284.0	359.7125
284.2	359.96558
284.4	360.21866
284.6	360.47174
284.8	360.72482
285.0	360.9779
285.2	361.23098
285.4	361.48406
285.6	361.73714
285.8	361.99022
286.0	362.2433
286.2	362.49638
286.4	362.74946
286.6	363.00254
286.8	363.25562
287.0	363.5087
287.2	363.76178
287.4	364.01486
287.6	364.26794
287.8	364.52102
288.0	364.7741
288.2	365.02718
288.4	365.28026
288.6	365.53334
288.8	365.78642
289.0	366.0395
289.2	366.29258
289.4	366.54566
289.6	366.79874
289.8	367.05182
290.0	367.3049
290.2	367.55798
290.4	367.81106
290.6	368.06414
290.8	368.31722
291.0	368.5703
291.2	368.82338
291.4	369.07646
291.6	369.32954
291.8	369.58262
292.0	369.8357
292.2	370.08878
292.4	370.34186
292.6	370.59494
292.8	370.84802
293.0	371.1011
293.2	371.35418
293.4	371.60726
293.6	371.86034
293.8	372.11342
294.0	372.3665
294.2	372.61958
294.4	372.87266
294.6	373.12574
294.8	373.37882
295.0	373.6319
295.2	373.88498
295.4	374.13806
295.6	374.39114
295.8	374.64422
296.0	374.8973
296.2	375.15038
296.4	375.40346
296.6	375.65654
296.8	375.90962
297.0	376.1627
297.2	376.41578
297.4	376.66886
297.6	376.92194
297.8	377.17502
298.0	377.4281
298.2	377.68118
298.4	377.93426
298.6	378.18734
298.8	378.44042
299.0	378.6935
299.2	378.94658
299.4	379.19966
299.6	379.45274
299.8	379.70582
300.0	379.9589
300.2	380.21198
300.4	380.46506
300.6	380.71814
300.8	380.97122
301.0	381.2243
301.2	381.47738
301.4	381.73046
301.6	381.98354
301.8	382.23662
302.0	382.4897
302.2	382.74278
302.4	382.99586
302.6	383.24894
302.8	383.50202
303.0	383.7551
303.2	384.00818
303.4	384.26126
303.6	384.51434
303.8	384.76742
304.0	385.0205
304.2	385.27358
304.4	385.52666
304.6	385.77974
304.8	386.03282
305.0	386.2859
305.2	386.53898
305.4	386.79206
305.6	387.04514
305.8	387.29822
306.0	387.5513
306.2	387.80438
306.4	388.05746
306.6	388.31054
306.8	388.56362
307.0	388.8167
307.2	389.06978
307.4	389.32286
307.6	389.57594
307.8	389.82902
308.0	390.0821
308.2	390.33518
308.4	390.58826
308.6	390.84134
308.8	391.09442
309.0	391.3475
309.2	391.60058
309.4	391.85366
309.6	392.10674
309.8	392.35982
310.0	392.6129
310.2	392.86598
310.4	393.11906
310.6	393.37214
310.8	393.62522
311.0	393.8783
311.2	394.13138
311.4	394.38446
311.6	394.63754
311.8	394.89062
312.0	395.1437
312.2	395.39678
312.4	395.64986
312.6	395.90294
312.8	396.15602
313.0	396.4091
313.2	396.66218
313.4	396.91526
313.6	397.16834
313.8	397.42142
314.0	397.6745
314.2	397.92758
314.4	398.18066
314.6	398.43374
314.8	398.68682
315.0	398.9399
315.2	399.19298
315.4	399.44606
315.6	399.69914
315.8	399.95222
316.0	400.2053
316.2	400.45838
316.4	400.71146
316.6	400.96454
316.8	401.21762
317.0	401.4707
317.2	401.72378
317.4	401.97686
317.6	402.22994
317.8	402.48302
318.0	402.7361
318.2	402.98918
318.4	403.24226
318.6	403.49534
318.8	403.74842
319.0	404.0015
319.2	404.25458
319.4	404.50766
319.6	404.76074
319.8	405.01382
320.0	405.2669
320.2	405.51998
320.4	405.77306
320.6	406.02614
320.8	406.27922
321.0	406.5323
321.2	406.78538
321.4	407.03846
321.6	407.29154
321.8	407.54462
322.0	407.7977
322.2	408.05078
322.4	408.30386
322.6	408.55694
322.8	408.81002
323.0	409.0631
323.2	409.31618
323.4	409.56926
323.6	409.82234
323.8	410.07542
324.0	410.3285
324.2	410.58158
324.4	410.83466
324.6	411.08774
324.8	411.34082
325.0	411.5939
325.2	411.84698
325.4	412.10006
325.6	412.35314
325.8	412.60622
326.0	412.8593
326.2	413.11238
326.4	413.36546
326.6	413.61854
326.8	413.87162
327.0	414.1247
327.2	414.37778
327.4	414.63086
327.6	414.88394
327.8	415.13702
328.0	415.3901
328.2	415.64318
328.4	415.89626
328.6	416.14934
328.8	416.40242
329.0	416.6555
329.2	416.90858
329.4	417.16166
329.6	417.41474
329.8	417.66782
330.0	417.9209
330.2	418.17398
330.4	418.42706
330.6	418.68014
330.8	418.93322
331.0	419.1863
331.2	419.43938
331.4	419.69246
331.6	419.94554
331.8	420.19862
332.0	420.4517
332.2	420.70478
332.4	420.95786
332.6	421.21094
332.8	421.46402
333.0	421.7171
333.2	421.97018
333.4	422.22326
333.6	422.47634
333.8	422.72942
334.0	422.9825
334.2	423.23558
334.4	423.48866
334.6	423.74174
334.8	423.99482
335.0	424.2479
335.2	424.50098
335.4	424.75406
335.6	425.00714
335.8	425.26022
336.0	425.5133
336.2	425.76638
336.4	426.01946
336.6	426.27254
336.8	426.52562
337.0	426.7787
337.2	427.03178
337.4	427.28486
337.6	427.53794
337.8	427.79102
338.0	428.0441
338.2	428.29718
338.4	428.55026
338.6	428.80334
338.8	429.05642
339.0	429.3095
339.2	429.56258
339.4	429.81566
339.6	430.06874
339.8	430.32182
340.0	430.5749
340.2	430.82798
340.4	431.08106
340.6	431.33414
340.8	431.58722
341.0	431.8403
341.2	432.09338
341.4	432.34646
341.6	432.59954
341.8	432.85262
342.0	433.1057
342.2	433.35878
342.4	433.61186
342.6	433.86494
342.8	434.11802
343.0	434.3711
343.2	434.62418
343.4	434.87726
343.6	435.13034
343.8	435.38342
344.0	435.6365
344.2	435.88958
344.4	436.14266
344.6	436.39574
344.8	436.64882
345.0	436.9019
345.2	437.15498
345.4	437.40806
345.6	437.66114
345.8	437.91422
346.0	438.1673
346.2	438.42038
346.4	438.67346
346.6	438.92654
346.8	439.17962
347.0	439.4327
347.2	439.68578
347.4	439.93886
347.6	440.19194
347.8	440.44502
348.0	440.6981
348.2	440.95118
348.4	441.20426
348.6	441.45734
348.8	441.71042
349.0	441.9635
349.2	442.21658
349.4	442.46966
349.6	442.72274
349.8	442.97582
350.0	443.2289
350.2	443.48198
350.4	443.73506
350.6	443.98814
350.8	444.24122
351.0	444.4943
351.2	444.74738
351.4	445.00046
351.6	445.25354
351.8	445.50662
352.0	445.7597
352.2	446.01278
352.4	446.26586
352.6	446.51894
352.8	446.77202
353.0	447.0251
353.2	447.27818
353.4	447.53126
353.6	447.78434
353.8	448.03742
354.0	448.2905
354.2	448.54358
354.4	448.79666
354.6	449.04974
354.8	449.30282
355.0	449.5559
355.2	449.80898
355.4	450.06206
355.6	450.31514
355.8	450.56822
356.0	450.8213
356.2	451.07438
356.4	451.32746
356.6	451.58054
356.8	451.83362
357.0	452.0867
357.2	452.33978
357.4	452.59286
357.6	452.84594
357.8	453.09902
358.0	453.3521
358.2	453.60518
358.4	453.85826
358.6	454.11134
358.8	454.36442
359.0	454.6175
359.2	454.87058
359.4	455.12366
359.6	455.37674
359.8	455.62982
360.0	455.8829
360.2	456.13598
360.4	456.38906
360.6	456.64214
360.8	456.89522
361.0	457.1483
361.2	457.40138
361.4	457.65446
361.6	457.90754
361.8	458.16062
362.0	458.4137
362.2	458.66678
362.4	458.91986
362.6	459.17294
362.8	459.42602
363.0	459.6791
363.2	459.93218
363.4	460.18526
363.6	460.43834
363.8	460.69142
364.0	460.9445
364.2	461.19758
364.4	461.45066
364.6	461.70374
364.8	461.95682
365.0	462.2099
365.2	462.46298
365.4	462.71606
365.6	462.96914
365.8	463.22222
366.0	463.4753
366.2	463.72838
366.4	463.98146
366.6	464.23454
366.8	464.48762
367.0	464.7407
367.2	464.99378
367.4	465.24686
367.6	465.49994
367.8	465.75302
368.0	466.0061
368.2	466.25918
368.4	466.51226
368.6	466.76534
368.8	467.01842
369.0	467.2715
369.2	467.52458
369.4	467.77766
369.6	468.03074
369.8	468.28382
370.0	468.5369
370.2	468.78998
370.4	469.04306
370.6	469.29614
370.8	469.54922
371.0	469.8023
371.2	470.05538
371.4	470.30846
371.6	470.56154
371.8	470.81462
372.0	471.0677
372.2	471.32078
372.4	471.57386
372.6	471.82694
372.8	472.08002
373.0	472.3331
373.2	472.58618
373.4	472.83926
373.6	473.09234
373.8	473.34542
374.0	473.5985
374.2	473.85158
374.4	474.10466
374.6	474.35774
374.8	474.61082
375.0	474.8639
375.2	475.11698
375.4	475.37006
375.6	475.62314
375.8	475.87622
376.0	476.1293
376.2	476.38238
376.4	476.63546
376.6	476.88854
376.8	477.14162
377.0	477.3947
377.2	477.64778
377.4	477.90086
377.6	478.15394
377.8	478.40702
378.0	478.6601
378.2	478.91318
378.4	479.16626
378.6	479.41934
378.8	479.67242
379.0	479.9255
379.2	480.17858
379.4	480.43166
379.6	480.68474
379.8	480.93782
380.0	481.1909
380.2	481.44398
380.4	481.69706
380.6	481.95014
380.8	482.20322
381.0	482.4563
381.2	482.70938
381.4	482.96246
381.6	483.21554
381.8	483.46862
382.0	483.7217
382.2	483.97478
382.4	484.22786
382.6	484.48094
382.8	484.73402
383.0	484.9871
383.2	485.24018
383.4	485.49326
383.6	485.74634
383.8	485.99942
384.0	486.2525
384.2	486.50558
384.4	486.75866
384.6	487.01174
384.8	487.26482
385.0	487.5179
385.2	487.77098
385.4	488.02406
385.6	488.27714
385.8	488.53022
386.0	488.7833
386.2	489.03638
386.4	489.28946
386.6	489.54254
386.8	489.79562
387.0	490.0487
387.2	490.30178
387.4	490.55486
387.6	490.80794
387.8	491.06102
388.0	491.3141
388.2	491.56718
388.4	491.82026
388.6	492.07334
388.8	492.32642
389.0	492.5795
389.2	492.83258
389.4	493.08566
389.6	493.33874
389.8	493.59182
390.0	493.8449
390.2	494.09798
390.4	494.35106
390.6	494.60414
390.8	494.85722
391.0	495.1103
391.2	495.36338
391.4	495.61646
391.6	495.86954
391.8	496.12262
392.0	496.3757
392.2	496.62878
392.4	496.88186
392.6	497.13494
392.8	497.38802
393.0	497.6411
393.2	497.89418
393.4	498.14726
393.6	498.40034
393.8	498.65342
394.0	498.9065
394.2	499.15958
394.4	499.41266
394.6	499.66574
394.8	499.91882
395.0	500.1719
395.2	500.42498
395.4	500.67806
395.6	500.93114
395.8	501.18422
396.0	501.4373
396.2	501.69038
396.4	501.94346
396.6	502.19654
396.8	502.44962
397.0	502.7027
397.2	502.95578
397.4	503.20886
397.6	503.46194
397.8	503.71502
398.0	503.9681
398.2	504.22118
398.4	504.47426
398.6	504.72734
398.8	504.98042
399.0	505.2335
399.2	505.48658
399.4	505.73966
399.6	505.99274
399.8	506.24582
400.0	506.4989
400.2	506.75198
400.4	507.00506
400.6	507.25814
400.8	507.51122
401.0	507.7643
401.2	508.01738
401.4	508.27046
401.6	508.52354
401.8	508.77662
402.0	509.0297
402.2	509.28278
402.4	509.53586
402.6	509.78894
402.8	510.04202
403.0	510.2951
403.2	510.54818
403.4	510.80126
403.6	511.05434
403.8	511.30742
404.0	511.5605
404.2	511.81358
404.4	512.06666
404.6	512.31974
404.8	512.57282
405.0	512.8259
405.2	513.07898
405.4	513.33206
405.6	513.58514
405.8	513.83822
406.0	514.0913
406.2	514.34438
406.4	514.59746
406.6	514.85054
406.8	515.10362
407.0	515.3567
407.2	515.60978
407.4	515.86286
407.6	516.11594
407.8	516.36902
408.0	516.6221
408.2	516.87518
408.4	517.12826
408.6	517.38134
408.8	517.63442
409.0	517.8875
409.2	518.14058
409.4	518.39366
409.6	518.64674
409.8	518.89982
410.0	519.1529
410.2	519.40598
410.4	519.65906
410.6	519.91214
410.8	520.16522
411.0	520.4183
411.2	520.67138
411.4	520.92446
411.6	521.17754
411.8	521.43062
412.0	521.6837
412.2	521.93678
412.4	522.18986
412.6	522.44294
412.8	522.69602
413.0	522.9491
413.2	523.20218
413.4	523.45526
413.6	523.70834
413.8	523.96142
414.0	524.2145
414.2	524.46758
414.4	524.72066
414.6	524.97374
414.8	525.22682
415.0	525.4799
415.2	525.73298
415.4	525.98606
415.6	526.23914
415.8	526.49222
416.0	526.7453
416.2	526.99838
416.4	527.25146
416.6	527.50454
416.8	527.75762
417.0	528.0107
417.2	528.26378
417.4	528.51686
417.6	528.76994
417.8	529.02302
418.0	529.2761
418.2	529.52918
418.4	529.78226
418.6	530.03534
418.8	530.28842
419.0	530.5415
419.2	530.79458
419.4	531.04766
419.6	531.30074
419.8	531.55382
420.0	531.8069
420.2	532.05998
420.4	532.31306
420.6	532.56614
420.8	532.81922
421.0	533.0723
421.2	533.32538
421.4	533.57846
421.6	533.83154
421.8	534.08462
422.0	534.3377
422.2	534.59078
422.4	534.84386
422.6	535.09694
422.8	535.35002
423.0	535.6031
423.2	535.85618
423.4	536.10926
423.6	536.36234
423.8	536.61542
424.0	536.8685
424.2	537.12158
424.4	537.37466
424.6	537.62774
424.8	537.88082
425.0	538.1339
425.2	538.38698
425.4	538.64006
425.6	538.89314
425.8	539.14622
426.0	539.3993
426.2	539.65238
426.4	539.90546
426.6	540.15854
426.8	540.41162
427.0	540.6647
427.2	540.91778
427.4	541.17086
427.6	541.42394
427.8	541.67702
428.0	541.9301
428.2	542.18318
428.4	542.43626
428.6	542.68934
428.8	542.94242
429.0	543.1955
429.2	543.44858
429.4	543.70166
429.6	543.95474
429.8	544.20782
430.0	544.4609
430.2	544.71398
430.4	544.96706
430.6	545.22014
430.8	545.47322
431.0	545.7263
431.2	545.97938
431.4	546.23246
431.6	546.48554
431.8	546.73862
432.0	546.9917
432.2	547.24478
432.4	547.49786
432.6	547.75094
432.8	548.00402
433.0	548.2571
433.2	548.51018
433.4	548.76326
433.6	549.01634
433.8	549.26942
434.0	549.5225
434.2	549.77558
434.4	550.02866
434.6	550.28174
434.8	550.53482
435.0	550.7879
435.2	551.04098
435.4	551.29406
435.6	551.54714
435.8	551.80022
436.0	552.0533
436.2	552.30638
436.4	552.55946
436.6	552.81254
436.8	553.06562
437.0	553.3187
437.2	553.57178
437.4	553.82486
437.6	554.07794
437.8	554.33102
438.0	554.5841
438.2	554.83718
438.4	555.09026
438.6	555.34334
438.8	555.59642
439.0	555.8495
439.2	556.10258
439.4	556.35566
439.6	556.60874
439.8	556.86182
440.0	557.1149
440.2	557.36798
440.4	557.62106
440.6	557.87414
440.8	558.12722
441.0	558.3803
441.2	558.63338
441.4	558.88646
441.6	559.13954
441.8	559.39262
442.0	559.6457
442.2	559.89878
442.4	560.15186
442.6	560.40494
442.8	560.65802
443.0	560.9111
443.2	561.16418
443.4	561.41726
443.6	561.67034
443.8	561.92342
444.0	562.1765
444.2	562.42958
444.4	562.68266
444.6	562.93574
444.8	563.18882
445.0	563.4419
445.2	563.69498
445.4	563.94806
445.6	564.20114
445.8	564.45422
446.0	564.7073
446.2	564.96038
446.4	565.21346
446.6	565.46654
446.8	565.71962
447.0	565.9727
447.2	566.22578
447.4	566.47886
447.6	566.73194
447.8	566.98502
448.0	567.2381
448.2	567.49118
448.4	567.74426
448.6	567.99734
448.8	568.25042
449.0	568.5035
449.2	568.75658
449.4	569.00966
449.6	569.26274
449.8	569.51582
450.0	569.7689
450.2	570.02198
450.4	570.27506
450.6	570.52814
450.8	570.78122
451.0	571.0343
451.2	571.28738
451.4	571.54046
451.6	571.79354
451.8	572.04662
452.0	572.2997
452.2	572.55278
452.4	572.80586
452.6	573.05894
452.8	573.31202
453.0	573.5651
453.2	573.81818
453.4	574.07126
453.6	574.32434
453.8	574.57742
454.0	574.8305
454.2	575.08358
454.4	575.33666
454.6	575.58974
454.8	575.84282
455.0	576.0959
455.2	576.34898
455.4	576.60206
455.6	576.85514
455.8	577.10822
456.0	577.3613
456.2	577.61438
456.4	577.86746
456.6	578.12054
456.8	578.37362
457.0	578.6267
457.2	578.87978
457.4	579.13286
457.6	579.38594
457.8	579.63902
458.0	579.8921
458.2	580.14518
458.4	580.39826
458.6	580.65134
458.8	580.90442
459.0	581.1575
459.2	581.41058
459.4	581.66366
459.6	581.91674
459.8	582.16982
460.0	582.4229
460.2	582.67598
460.4	582.92906
460.6	583.18214
460.8	583.43522
461.0	583.6883
461.2	583.94138
461.4	584.19446
461.6	584.44754
461.8	584.70062
462.0	584.9537
462.2	585.20678
462.4	585.45986
462.6	585.71294
462.8	585.96602
463.0	586.2191
463.2	586.47218
463.4	586.72526
463.6	586.97834
463.8	587.23142
464.0	587.4845
464.2	587.73758
464.4	587.99066
464.6	588.24374
464.8	588.49682
465.0	588.7499
465.2	589.00298
465.4	589.25606
465.6	589.50914
465.8	589.76222
466.0	590.0153
466.2	590.26838
466.4	590.52146
466.6	590.77454
466.8	591.02762
467.0	591.2807
467.2	591.53378
467.4	591.78686
467.6	592.03994
467.8	592.29302
468.0	592.5461
468.2	592.79918
468.4	593.05226
468.6	593.30534
468.8	593.55842
469.0	593.8115
469.2	594.06458
469.4	594.31766
469.6	594.57074
469.8	594.82382
470.0	595.0769
470.2	595.32998
470.4	595.58306
470.6	595.83614
470.8	596.08922
471.0	596.3423
471.2	596.59538
471.4	596.84846
471.6	597.10154
471.8	597.35462
472.0	597.6077
472.2	597.86078
472.4	598.11386
472.6	598.36694
472.8	598.62002
473.0	598.8731
473.2	599.12618
473.4	599.37926
473.6	599.63234
473.8	599.88542
474.0	600.1385
474.2	600.39158
474.4	600.64466
474.6	600.89774
474.8	601.15082
475.0	601.4039
475.2	601.65698
475.4	601.91006
475.6	602.16314
475.8	602.41622
476.0	602.6693
476.2	602.92238
476.4	603.17546
476.6	603.42854
476.8	603.68162
477.0	603.9347
477.2	604.18778
477.4	604.44086
477.6	604.69394
477.8	604.94702
478.0	605.2001
478.2	605.45318
478.4	605.70626
478.6	605.95934
478.8	606.21242
479.0	606.4655
479.2	606.71858
479.4	606.97166
479.6	607.22474
479.8	607.47782
480.0	607.7309
480.2	607.98398
480.4	608.23706
480.6	608.49014
480.8	608.74322
481.0	608.9963
481.2	609.24938
481.4	609.50246
481.6	609.75554
481.8	610.00862
482.0	610.2617
482.2	610.51478
482.4	610.76786
482.6	611.02094
482.8	611.27402
483.0	611.5271
483.2	611.78018
483.4	612.03326
483.6	612.28634
483.8	612.53942
484.0	612.7925
484.2	613.04558
484.4	613.29866
484.6	613.55174
484.8	613.80482
485.0	614.0579
485.2	614.31098
485.4	614.56406
485.6	614.81714
485.8	615.07022
486.0	615.3233
486.2	615.57638
486.4	615.82946
486.6	616.08254
486.8	616.33562
487.0	616.5887
487.2	616.84178
487.4	617.09486
487.6	617.34794
487.8	617.60102
488.0	617.8541
488.2	618.10718
488.4	618.36026
488.6	618.61334
488.8	618.86642
489.0	619.1195
489.2	619.37258
489.4	619.62566
489.6	619.87874
489.8	620.13182
490.0	620.3849
490.2	620.63798
490.4	620.89106
490.6	621.14414
490.8	621.39722
491.0	621.6503
491.2	621.90338
491.4	622.15646
491.6	622.40954
491.8	622.66262
492.0	622.9157
492.2	623.16878
492.4	623.42186
492.6	623.67494
492.8	623.92802
493.0	624.1811
493.2	624.43418
493.4	624.68726
493.6	624.94034
493.8	625.19342
494.0	625.4465
494.2	625.69958
494.4	625.95266
494.6	626.20574
494.8	626.45882
495.0	626.7119
495.2	626.96498
495.4	627.21806
495.6	627.47114
495.8	627.72422
496.0	627.9773
496.2	628.23038
496.4	628.48346
496.6	628.73654
496.8	628.98962
497.0	629.2427
497.2	629.49578
497.4	629.74886
497.6	630.00194
497.8	630.25502
498.0	630.5081
498.2	630.76118
498.4	631.01426
498.6	631.26734
498.8	631.52042
499.0	631.7735
499.2	632.02658
499.4	632.27966
499.6	632.53274
499.8	632.78582
500.0	633.0389
500.2	633.29198
500.4	633.54506
500.6	633.79814
500.8	634.05122
501.0	634.3043
501.2	634.55738
501.4	634.81046
501.6	635.06354
501.8	635.31662
502.0	635.5697
502.2	635.82278
502.4	636.07586
502.6	636.32894
502.8	636.58202
503.0	636.8351
503.2	637.08818
503.4	637.34126
503.6	637.59434
503.8	637.84742
504.0	638.1005
504.2	638.35358
504.4	638.60666
504.6	638.85974
504.8	639.11282
505.0	639.3659
505.2	639.61898
505.4	639.87206
505.6	640.12514
505.8	640.37822
506.0	640.6313
506.2	640.88438
506.4	641.13746
506.6	641.39054
506.8	641.64362
507.0	641.8967
507.2	642.14978
507.4	642.40286
507.6	642.65594
507.8	642.90902
508.0	643.1621
508.2	643.41518
508.4	643.66826
508.6	643.92134
508.8	644.17442
509.0	644.4275
509.2	644.68058
509.4	644.93366
509.6	645.18674
509.8	645.43982
510.0	645.6929
510.2	645.94598
510.4	646.19906
510.6	646.45214
510.8	646.70522
511.0	646.9583
511.2	647.21138
511.4	647.46446
511.6	647.71754
511.8	647.97062
512.0	648.2237
512.2	648.47678
512.4	648.72986
512.6	648.98294
512.8	649.23602
513.0	649.4891
513.2	649.74218
513.4	649.99526
513.6	650.24834
513.8	650.50142
514.0	650.7545
514.2	651.00758
514.4	651.26066
514.6	651.51374
514.8	651.76682
515.0	652.0199
515.2	652.27298
515.4	652.52606
515.6	652.77914
515.8	653.03222
516.0	653.2853
516.2	653.53838
516.4	653.79146
516.6	654.04454
516.8	654.29762
517.0	654.5507
517.2	654.80378
517.4	655.05686
517.6	655.30994
517.8	655.56302
518.0	655.8161
518.2	656.06918
518.4	656.32226
518.6	656.57534
518.8	656.82842
519.0	657.0815
519.2	657.33458
519.4	657.58766
519.6	657.84074
519.8	658.09382
520.0	658.3469
520.2	658.59998
520.4	658.85306
520.6	659.10614
520.8	659.35922
521.0	659.6123
521.2	659.86538
521.4	660.11846
521.6	660.37154
521.8	660.62462
522.0	660.8777
522.2	661.13078
522.4	661.38386
522.6	661.63694
522.8	661.89002
523.0	662.1431
523.2	662.39618
523.4	662.64926
523.6	662.90234
523.8	663.15542
524.0	663.4085
524.2	663.66158
524.4	663.91466
524.6	664.16774
524.8	664.42082
525.0	664.6739
525.2	664.92698
525.4	665.18006
525.6	665.43314
525.8	665.68622
526.0	665.9393
526.2	666.19238
526.4	666.44546
526.6	666.69854
526.8	666.95162
527.0	667.2047
527.2	667.45778
527.4	667.71086
527.6	667.96394
527.8	668.21702
528.0	668.4701
528.2	668.72318
528.4	668.97626
528.6	669.22934
528.8	669.48242
529.0	669.7355
529.2	669.98858
529.4	670.24166
529.6	670.49474
529.8	670.74782
530.0	671.0009
530.2	671.25398
530.4	671.50706
530.6	671.76014
530.8	672.01322
531.0	672.2663
531.2	672.51938
531.4	672.77246
531.6	673.02554
531.8	673.27862
532.0	673.5317
532.2	673.78478
532.4	674.03786
532.6	674.29094
532.8	674.54402
533.0	674.7971
533.2	675.05018
533.4	675.30326
533.6	675.55634
533.8	675.80942
534.0	676.0625
534.2	676.31558
534.4	676.56866
534.6	676.82174
534.8	677.07482
535.0	677.3279
535.2	677.58098
535.4	677.83406
535.6	678.08714
535.8	678.34022
536.0	678.5933
536.2	678.84638
536.4	679.09946
536.6	679.35254
536.8	679.60562
537.0	679.8587
537.2	680.11178
537.4	680.36486
537.6	680.61794
537.8	680.87102
538.0	681.1241
538.2	681.37718
538.4	681.63026
538.6	681.88334
538.8	682.13642
539.0	682.3895
539.2	682.64258
539.4	682.89566
539.6	683.14874
539.8	683.40182
540.0	683.6549
540.2	683.90798
540.4	684.16106
540.6	684.41414
540.8	684.66722
541.0	684.9203
541.2	685.17338
541.4	685.42646
541.6	685.67954
541.8	685.93262
542.0	686.1857
542.2	686.43878
542.4	686.69186
542.6	686.94494
542.8	687.19802
543.0	687.4511
543.2	687.70418
543.4	687.95726
543.6	688.21034
543.8	688.46342
544.0	688.7165
544.2	688.96958
544.4	689.22266
544.6	689.47574
544.8	689.72882
545.0	689.9819
545.2	690.23498
545.4	690.48806
545.6	690.74114
545.8	690.99422
546.0	691.2473
546.2	691.50038
546.4	691.75346
546.6	692.00654
546.8	692.25962
547.0	692.5127
547.2	692.76578
547.4	693.01886
547.6	693.27194
547.8	693.52502
548.0	693.7781
548.2	694.03118
548.4	694.28426
548.6	694.53734
548.8	694.79042
549.0	695.0435
549.2	695.29658
549.4	695.54966
549.6	695.80274
549.8	696.05582
550.0	696.3089
550.2	696.56198
550.4	696.81506
550.6	697.06814
550.8	697.32122
551.0	697.5743
551.2	697.82738
551.4	698.08046
551.6	698.33354
551.8	698.58662
552.0	698.8397
552.2	699.09278
552.4	699.34586
552.6	699.59894
552.8	699.85202
553.0	700.1051
553.2	700.35818
553.4	700.61126
553.6	700.86434
553.8	701.11742
554.0	701.3705
554.2	701.62358
554.4	701.87666
554.6	702.12974
554.8	702.38282
555.0	702.6359
555.2	702.88898
555.4	703.14206
555.6	703.39514
555.8	703.64822
556.0	703.9013
556.2	704.15438
556.4	704.40746
556.6	704.66054
556.8	704.91362
557.0	705.1667
557.2	705.41978
557.4	705.67286
557.6	705.92594
557.8	706.17902
558.0	706.4321
558.2	706.68518
558.4	706.93826
558.6	707.19134
558.8	707.44442
559.0	707.6975
559.2	707.95058
559.4	708.20366
559.6	708.45674
559.8	708.70982
560.0	708.9629
560.2	709.21598
560.4	709.46906
560.6	709.72214
560.8	709.97522
561.0	710.2283
561.2	710.48138
561.4	710.73446
561.6	710.98754
561.8	711.24062
562.0	711.4937
562.2	711.74678
562.4	711.99986
562.6	712.25294
562.8	712.50602
563.0	712.7591
563.2	713.01218
563.4	713.26526
563.6	713.51834
563.8	713.77142
564.0	714.0245
564.2	714.27758
564.4	714.53066
564.6	714.78374
564.8	715.03682
565.0	715.2899
565.2	715.54298
565.4	715.79606
565.6	716.04914
565.8	716.30222
566.0	716.5553
566.2	716.80838
566.4	717.06146
566.6	717.31454
566.8	717.56762
567.0	717.8207
567.2	718.07378
567.4	718.32686
567.6	718.57994
567.8	718.83302
568.0	719.0861
568.2	719.33918
568.4	719.59226
568.6	719.84534
568.8	720.09842
569.0	720.3515
569.2	720.60458
569.4	720.85766
569.6	721.11074
569.8	721.36382
570.0	721.6169
570.2	721.86998
570.4	722.12306
570.6	722.37614
570.8	722.62922
571.0	722.8823
571.2	723.13538
571.4	723.38846
571.6	723.64154
571.8	723.89462
572.0	724.1477
572.2	724.40078
572.4	724.65386
572.6	724.90694
572.8	725.16002
573.0	725.4131
573.2	725.66618
573.4	725.91926
573.6	726.17234
573.8	726.42542
574.0	726.6785
574.2	726.93158
574.4	727.18466
574.6	727.43774
574.8	727.69082
575.0	727.9439
575.2	728.19698
575.4	728.45006
575.6	728.70314
575.8	728.95622
576.0	729.2093
576.2	729.46238
576.4	729.71546
576.6	729.96854
576.8	730.22162
577.0	730.4747
577.2	730.72778
577.4	730.98086
577.6	731.23394
577.8	731.48702
578.0	731.7401
578.2	731.99318
578.4	732.24626
578.6	732.49934
578.8	732.75242
579.0	733.0055
579.2	733.25858
579.4	733.51166
579.6	733.76474
579.8	734.01782
580.0	734.2709
580.2	734.52398
580.4	734.77706
580.6	735.03014
580.8	735.28322
581.0	735.5363
581.2	735.78938
581.4	736.04246
581.6	736.29554
581.8	736.54862
582.0	736.8017
582.2	737.05478
582.4	737.30786
582.6	737.56094
582.8	737.81402
583.0	738.0671
583.2	738.32018
583.4	738.57326
583.6	738.82634
583.8	739.07942
584.0	739.3325
584.2	739.58558
584.4	739.83866
584.6	740.09174
584.8	740.34482
585.0	740.5979
585.2	740.85098
585.4	741.10406
585.6	741.35714
585.8	741.61022
586.0	741.8633
586.2	742.11638
586.4	742.36946
586.6	742.62254
586.8	742.87562
587.0	743.1287
587.2	743.38178
587.4	743.63486
587.6	743.88794
587.8	744.14102
588.0	744.3941
588.2	744.64718
588.4	744.90026
588.6	745.15334
588.8	745.40642
589.0	745.6595
589.2	745.91258
589.4	746.16566
589.6	746.41874
589.8	746.67182
590.0	746.9249
590.2	747.17798
590.4	747.43106
590.6	747.68414
590.8	747.93722
591.0	748.1903
591.2	748.44338
591.4	748.69646
591.6	748.94954
591.8	749.20262
592.0	749.4557
592.2	749.70878
592.4	749.96186
592.6	750.21494
592.8	750.46802
593.0	750.7211
593.2	750.97418
593.4	751.22726
593.6	751.48034
593.8	751.73342
594.0	751.9865
594.2	752.23958
594.4	752.49266
594.6	752.74574
594.8	752.99882
595.0	753.2519
595.2	753.50498
595.4	753.75806
595.6	754.01114
595.8	754.26422
596.0	754.5173
596.2	754.77038
596.4	755.02346
596.6	755.27654
596.8	755.52962
597.0	755.7827
597.2	756.03578
597.4	756.28886
597.6	756.54194
597.8	756.79502
598.0	757.0481
598.2	757.30118
598.4	757.55426
598.6	757.80734
598.8	758.06042
599.0	758.3135
599.2	758.56658
599.4	758.81966
599.6	759.07274
599.8	759.32582
600.0	759.5789
600.2	759.83198
600.4	760.08506
600.6	760.33814
600.8	760.59122
601.0	760.8443
601.2	761.09738
601.4	761.35046
601.6	761.60354
601.8	761.85662
602.0	762.1097
602.2	762.36278
602.4	762.61586
602.6	762.86894
602.8	763.12202
603.0	763.3751
603.2	763.62818
603.4	763.88126
603.6	764.13434
603.8	764.38742
604.0	764.6405
604.2	764.89358
604.4	765.14666
604.6	765.39974
604.8	765.65282
605.0	765.9059
605.2	766.15898
605.4	766.41206
605.6	766.66514
605.8	766.91822
606.0	767.1713
606.2	767.42438
606.4	767.67746
606.6	767.93054
606.8	768.18362
607.0	768.4367
607.2	768.68978
607.4	768.94286
607.6	769.19594
607.8	769.44902
608.0	769.7021
608.2	769.95518
608.4	770.20826
608.6	770.46134
608.8	770.71442
609.0	770.9675
609.2	771.22058
609.4	771.47366
609.6	771.72674
609.8	771.97982
610.0	772.2329
610.2	772.48598
610.4	772.73906
610.6	772.99214
610.8	773.24522
611.0	773.4983
611.2	773.75138
611.4	774.00446
611.6	774.25754
611.8	774.51062
612.0	774.7637
612.2	775.01678
612.4	775.26986
612.6	775.52294
612.8	775.77602
613.0	776.0291
613.2	776.28218
613.4	776.53526
613.6	776.78834
613.8	777.04142
614.0	777.2945
614.2	777.54758
614.4	777.80066
614.6	778.05374
614.8	778.30682
615.0	778.5599
615.2	778.81298
615.4	779.06606
615.6	779.31914
615.8	779.57222
616.0	779.8253
616.2	780.07838
616.4	780.33146
616.6	780.58454
616.8	780.83762
617.0	781.0907
617.2	781.34378
617.4	781.59686
617.6	781.84994
617.8	782.10302
618.0	782.3561
618.2	782.60918
618.4	782.86226
618.6	783.11534
618.8	783.36842
619.0	783.6215
619.2	783.87458
619.4	784.12766
619.6	784.38074
619.8	784.63382
620.0	784.8869
620.2	785.13998
620.4	785.39306
620.6	785.64614
620.8	785.89922
621.0	786.1523
621.2	786.40538
621.4	786.65846
621.6	786.91154
621.8	787.16462
622.0	787.4177
622.2	787.67078
622.4	787.92386
622.6	788.17694
622.8	788.43002
623.0	788.6831
623.2	788.93618
623.4	789.18926
623.6	789.44234
623.8	789.69542
624.0	789.9485
624.2	790.20158
624.4	790.45466
624.6	790.70774
624.8	790.96082
625.0	791.2139
625.2	791.46698
625.4	791.72006
625.6	791.97314
625.8	792.22622
626.0	792.4793
626.2	792.73238
626.4	792.98546
626.6	793.23854
626.8	793.49162
627.0	793.7447
627.2	793.99778
627.4	794.25086
627.6	794.50394
627.8	794.75702
628.0	795.0101
628.2	795.26318
628.4	795.51626
628.6	795.76934
628.8	796.02242
629.0	796.2755
629.2	796.52858
629.4	796.78166
629.6	797.03474
629.8	797.28782
630.0	797.5409
630.2	797.79398
630.4	798.04706
630.6	798.30014
630.8	798.55322
631.0	798.8063
631.2	799.05938
631.4	799.31246
631.6	799.56554
631.8	799.81862
632.0	800.0717
632.2	800.32478
632.4	800.57786
632.6	800.83094
632.8	801.08402
633.0	801.3371
633.2	801.59018
633.4	801.84326
633.6	802.09634
633.8	802.34942
634.0	802.6025
634.2	802.85558
634.4	803.10866
634.6	803.36174
634.8	803.61482
635.0	803.8679
635.2	804.12098
635.4	804.37406
635.6	804.62714
635.8	804.88022
636.0	805.1333
636.2	805.38638
636.4	805.63946
636.6	805.89254
636.8	806.14562
637.0	806.3987
637.2	806.65178
637.4	806.90486
637.6	807.15794
637.8	807.41102
638.0	807.6641
638.2	807.91718
638.4	808.17026
638.6	808.42334
638.8	808.67642
639.0	808.9295
639.2	809.18258
639.4	809.43566
639.6	809.68874
639.8	809.94182
640.0	810.1949
640.2	810.44798
640.4	810.70106
640.6	810.95414
640.8	811.20722
641.0	811.4603
641.2	811.71338
641.4	811.96646
641.6	812.21954
641.8	812.47262
642.0	812.7257
642.2	812.97878
642.4	813.23186
642.6	813.48494
642.8	813.73802
643.0	813.9911
643.2	814.24418
643.4	814.49726
643.6	814.75034
643.8	815.00342
644.0	815.2565
644.2	815.50958
644.4	815.76266
644.6	816.01574
644.8	816.26882
645.0	816.5219
645.2	816.77498
645.4	817.02806
645.6	817.28114
645.8	817.53422
646.0	817.7873
646.2	818.04038
646.4	818.29346
646.6	818.54654
646.8	818.79962
647.0	819.0527
647.2	819.30578
647.4	819.55886
647.6	819.81194
647.8	820.06502
648.0	820.3181
648.2	820.57118
648.4	820.82426
648.6	821.07734
648.8	821.33042
649.0	821.5835
649.2	821.83658
649.4	822.08966
649.6	822.34274
649.8	822.59582
650.0	822.8489
650.2	823.10198
650.4	823.35506
650.6	823.60814
650.8	823.86122
651.0	824.1143
651.2	824.36738
651.4	824.62046
651.6	824.87354
651.8	825.12662
652.0	825.3797
652.2	825.63278
652.4	825.88586
652.6	826.13894
652.8	826.39202
653.0	826.6451
653.2	826.89818
653.4	827.15126
653.6	827.40434
653.8	827.65742
654.0	827.9105
654.2	828.16358
654.4	828.41666
654.6	828.66974
654.8	828.92282
655.0	829.1759
655.2	829.42898
655.4	829.68206
655.6	829.93514
655.8	830.18822
656.0	830.4413
656.2	830.69438
656.4	830.94746
656.6	831.20054
656.8	831.45362
657.0	831.7067
657.2	831.95978
657.4	832.21286
657.6	832.46594
657.8	832.71902
658.0	832.9721
658.2	833.22518
658.4	833.47826
658.6	833.73134
658.8	833.98442
659.0	834.2375
659.2	834.49058
659.4	834.74366
659.6	834.99674
659.8	835.24982
660.0	835.5029
660.2	835.75598
660.4	836.00906
660.6	836.26214
660.8	836.51522
661.0	836.7683
661.2	837.02138
661.4	837.27446
661.6	837.52754
661.8	837.78062
662.0	838.0337
662.2	838.28678
662.4	838.53986
662.6	838.79294
662.8	839.04602
663.0	839.2991
663.2	839.55218
663.4	839.80526
663.6	840.05834
663.8	840.31142
664.0	840.5645
664.2	840.81758
664.4	841.07066
664.6	841.32374
664.8	841.57682
665.0	841.8299
665.2	842.08298
665.4	842.33606
665.6	842.58914
665.8	842.84222
666.0	843.0953
666.2	843.34838
666.4	843.60146
666.6	843.85454
666.8	844.10762
667.0	844.3607
667.2	844.61378
667.4	844.86686
667.6	845.11994
667.8	845.37302
668.0	845.6261
668.2	845.87918
668.4	846.13226
668.6	846.38534
668.8	846.63842
669.0	846.8915
669.2	847.14458
669.4	847.39766
669.6	847.65074
669.8	847.90382
670.0	848.1569
670.2	848.40998
670.4	848.66306
670.6	848.91614
670.8	849.16922
671.0	849.4223
671.2	849.67538
671.4	849.92846
671.6	850.18154
671.8	850.43462
672.0	850.6877
672.2	850.94078
672.4	851.19386
672.6	851.44694
672.8	851.70002
673.0	851.9531
673.2	852.20618
673.4	852.45926
673.6	852.71234
673.8	852.96542
674.0	853.2185
674.2	853.47158
674.4	853.72466
674.6	853.97774
674.8	854.23082
675.0	854.4839
675.2	854.73698
675.4	854.99006
675.6	855.24314
675.8	855.49622
676.0	855.7493
676.2	856.00238
676.4	856.25546
676.6	856.50854
676.8	856.76162
677.0	857.0147
677.2	857.26778
677.4	857.52086
677.6	857.77394
677.8	858.02702
678.0	858.2801
678.2	858.53318
678.4	858.78626
678.6	859.03934
678.8	859.29242
679.0	859.5455
679.2	859.79858
679.4	860.05166
679.6	860.30474
679.8	860.55782
680.0	860.8109
680.2	861.06398
680.4	861.31706
680.6	861.57014
680.8	861.82322
681.0	862.0763
681.2	862.32938
681.4	862.58246
681.6	862.83554
681.8	863.08862
682.0	863.3417
682.2	863.59478
682.4	863.84786
682.6	864.10094
682.8	864.35402
683.0	864.6071
683.2	864.86018
683.4	865.11326
683.6	865.36634
683.8	865.61942
684.0	865.8725
684.2	866.12558
684.4	866.37866
684.6	866.63174
684.8	866.88482
685.0	867.1379
685.2	867.39098
685.4	867.64406
685.6	867.89714
685.8	868.15022
686.0	868.4033
686.2	868.65638
686.4	868.90946
686.6	869.16254
686.8	869.41562
687.0	869.6687
687.2	869.92178
687.4	870.17486
687.6	870.42794
687.8	870.68102
688.0	870.9341
688.2	871.18718
688.4	871.44026
688.6	871.69334
688.8	871.94642
689.0	872.1995
689.2	872.45258
689.4	872.70566
689.6	872.95874
689.8	873.21182
690.0	873.4649
690.2	873.71798
690.4	873.97106
690.6	874.22414
690.8	874.47722
691.0	874.7303
691.2	874.98338
691.4	875.23646
691.6	875.48954
691.8	875.74262
692.0	875.9957
692.2	876.24878
692.4	876.50186
692.6	876.75494
692.8	877.00802
693.0	877.2611
693.2	877.51418
693.4	877.76726
693.6	878.02034
693.8	878.27342
694.0	878.5265
694.2	878.77958
694.4	879.03266
694.6	879.28574
694.8	879.53882
695.0	879.7919
695.2	880.04498
695.4	880.29806
695.6	880.55114
695.8	880.80422
696.0	881.0573
696.2	881.31038
696.4	881.56346
696.6	881.81654
696.8	882.06962
697.0	882.3227
697.2	882.57578
697.4	882.82886
697.6	883.08194
697.8	883.33502
698.0	883.5881
698.2	883.84118
698.4	884.09426
698.6	884.34734
698.8	884.60042
699.0	884.8535
699.2	885.10658
699.4	885.35966
699.6	885.61274
699.8	885.86582
700.0	886.1189
700.2	886.37198
700.4	886.62506
700.6	886.87814
700.8	887.13122
701.0	887.3843
701.2	887.63738
701.4	887.89046
701.6	888.14354
701.8	888.39662
702.0	888.6497
702.2	888.90278
702.4	889.15586
702.6	889.40894
702.8	889.66202
703.0	889.9151
703.2	890.16818
703.4	890.42126
703.6	890.67434
703.8	890.92742
704.0	891.1805
704.2	891.43358
704.4	891.68666
704.6	891.93974
704.8	892.19282
705.0	892.4459
705.2	892.69898
705.4	892.95206
705.6	893.20514
705.8	893.45822
706.0	893.7113
706.2	893.96438
706.4	894.21746
706.6	894.47054
706.8	894.72362
707.0	894.9767
707.2	895.22978
707.4	895.48286
707.6	895.73594
707.8	895.98902
708.0	896.2421
708.2	896.49518
708.4	896.74826
708.6	897.00134
708.8	897.25442
709.0	897.5075
709.2	897.76058
709.4	898.01366
709.6	898.26674
709.8	898.51982
710.0	898.7729
710.2	899.02598
710.4	899.27906
710.6	899.53214
710.8	899.78522
711.0	900.0383
711.2	900.29138
711.4	900.54446
711.6	900.79754
711.8	901.05062
712.0	901.3037
712.2	901.55678
712.4	901.80986
712.6	902.06294
712.8	902.31602
713.0	902.5691
713.2	902.82218
713.4	903.07526
713.6	903.32834
713.8	903.58142
714.0	903.8345
714.2	904.08758
714.4	904.34066
714.6	904.59374
714.8	904.84682
715.0	905.0999
715.2	905.35298
715.4	905.60606
715.6	905.85914
715.8	906.11222
716.0	906.3653
716.2	906.61838
716.4	906.87146
716.6	907.12454
716.8	907.37762
717.0	907.6307
717.2	907.88378
717.4	908.13686
717.6	908.38994
717.8	908.64302
718.0	908.8961
718.2	909.14918
718.4	909.40226
718.6	909.65534
718.8	909.90842
719.0	910.1615
719.2	910.41458
719.4	910.66766
719.6	910.92074
719.8	911.17382
720.0	911.4269
720.2	911.67998
720.4	911.93306
720.6	912.18614
720.8	912.43922
721.0	912.6923
721.2	912.94538
721.4	913.19846
721.6	913.45154
721.8	913.70462
722.0	913.9577
722.2	914.21078
722.4	914.46386
722.6	914.71694
722.8	914.97002
723.0	915.2231
723.2	915.47618
723.4	915.72926
723.6	915.98234
723.8	916.23542
724.0	916.4885
724.2	916.74158
724.4	916.99466
724.6	917.24774
724.8	917.50082
725.0	917.7539
725.2	918.00698
725.4	918.26006
725.6	918.51314
725.8	918.76622
726.0	919.0193
726.2	919.27238
726.4	919.52546
726.6	919.77854
726.8	920.03162
727.0	920.2847
727.2	920.53778
727.4	920.79086
727.6	921.04394
727.8	921.29702
728.0	921.5501
728.2	921.80318
728.4	922.05626
728.6	922.30934
728.8	922.56242
729.0	922.8155
729.2	923.06858
729.4	923.32166
729.6	923.57474
729.8	923.82782
730.0	924.0809
730.2	924.33398
730.4	924.58706
730.6	924.84014
730.8	925.09322
731.0	925.3463
731.2	925.59938
731.4	925.85246
731.6	926.10554
731.8	926.35862
732.0	926.6117
732.2	926.86478
732.4	927.11786
732.6	927.37094
732.8	927.62402
733.0	927.8771
733.2	928.13018
733.4	928.38326
733.6	928.63634
733.8	928.88942
734.0	929.1425
734.2	929.39558
734.4	929.64866
734.6	929.90174
734.8	930.15482
735.0	930.4079
735.2	930.66098
735.4	930.91406
735.6	931.16714
735.8	931.42022
736.0	931.6733
736.2	931.92638
736.4	932.17946
736.6	932.43254
736.8	932.68562
737.0	932.9387
737.2	933.19178
737.4	933.44486
737.6	933.69794
737.8	933.95102
738.0	934.2041
738.2	934.45718
738.4	934.71026
738.6	934.96334
738.8	935.21642
739.0	935.4695
739.2	935.72258
739.4	935.97566
739.6	936.22874
739.8	936.48182
740.0	936.7349
740.2	936.98798
740.4	937.24106
740.6	937.49414
740.8	937.74722
741.0	938.0003
741.2	938.25338
741.4	938.50646
741.6	938.75954
741.8	939.01262
742.0	939.2657
742.2	939.51878
742.4	939.77186
742.6	940.02494
742.8	940.27802
743.0	940.5311
743.2	940.78418
743.4	941.03726
743.6	941.29034
743.8	941.54342
744.0	941.7965
744.2	942.04958
744.4	942.30266
744.6	942.55574
744.8	942.80882
745.0	943.0619
745.2	943.31498
745.4	943.56806
745.6	943.82114
745.8	944.07422
746.0	944.3273
746.2	944.58038
746.4	944.83346
746.6	945.08654
746.8	945.33962
747.0	945.5927
747.2	945.84578
747.4	946.09886
747.6	946.35194
747.8	946.60502
748.0	946.8581
748.2	947.11118
748.4	947.36426
748.6	947.61734
748.8	947.87042
749.0	948.1235
749.2	948.37658
749.4	948.62966
749.6	948.88274
749.8	949.13582
750.0	949.3889
750.2	949.64198
750.4	949.89506
750.6	950.14814
750.8	950.40122
751.0	950.6543
751.2	950.90738
751.4	951.16046
751.6	951.41354
751.8	951.66662
752.0	951.9197
752.2	952.17278
752.4	952.42586
752.6	952.67894
752.8	952.93202
753.0	953.1851
753.2	953.43818
753.4	953.69126
753.6	953.94434
753.8	954.19742
754.0	954.4505
754.2	954.70358
754.4	954.95666
754.6	955.20974
754.8	955.46282
755.0	955.7159
755.2	955.96898
755.4	956.22206
755.6	956.47514
755.8	956.72822
756.0	956.9813
756.2	957.23438
756.4	957.48746
756.6	957.74054
756.8	957.99362
757.0	958.2467
757.2	958.49978
757.4	958.75286
757.6	959.00594
757.8	959.25902
758.0	959.5121
758.2	959.76518
758.4	960.01826
758.6	960.27134
758.8	960.52442
759.0	960.7775
759.2	961.03058
759.4	961.28366
759.6	961.53674
759.8	961.78982
760.0	962.0429
760.2	962.29598
760.4	962.54906
760.6	962.80214
760.8	963.05522
761.0	963.3083
761.2	963.56138
761.4	963.81446
761.6	964.06754
761.8	964.32062
762.0	964.5737
762.2	964.82678
762.4	965.07986
762.6	965.33294
762.8	965.58602
763.0	965.8391
763.2	966.09218
763.4	966.34526
763.6	966.59834
763.8	966.85142
764.0	967.1045
764.2	967.35758
764.4	967.61066
764.6	967.86374
764.8	968.11682
765.0	968.3699
765.2	968.62298
765.4	968.87606
765.6	969.12914
765.8	969.38222
766.0	969.6353
766.2	969.88838
766.4	970.14146
766.6	970.39454
766.8	970.64762
767.0	970.9007
767.2	971.15378
767.4	971.40686
767.6	971.65994
767.8	971.91302
768.0	972.1661
768.2	972.41918
768.4	972.67226
768.6	972.92534
768.8	973.17842
769.0	973.4315
769.2	973.68458
769.4	973.93766
769.6	974.19074
769.8	974.44382
770.0	974.6969
770.2	974.94998
770.4	975.20306
770.6	975.45614
770.8	975.70922
771.0	975.9623
771.2	976.21538
771.4	976.46846
771.6	976.72154
771.8	976.97462
772.0	977.2277
772.2	977.48078
772.4	977.73386
772.6	977.98694
772.8	978.24002
773.0	978.4931
773.2	978.74618
773.4	978.99926
773.6	979.25234
773.8	979.50542
774.0	979.7585
774.2	980.01158
774.4	980.26466
774.6	980.51774
774.8	980.77082
775.0	981.0239
775.2	981.27698
775.4	981.53006
775.6	981.78314
775.8	982.03622
776.0	982.2893
776.2	982.54238
776.4	982.79546
776.6	983.04854
776.8	983.30162
777.0	983.5547
777.2	983.80778
777.4	984.06086
777.6	984.31394
777.8	984.56702
778.0	984.8201
778.2	985.07318
778.4	985.32626
778.6	985.57934
778.8	985.83242
779.0	986.0855
779.2	986.33858
779.4	986.59166
779.6	986.84474
779.8	987.09782
780.0	987.3509
780.2	987.60398
780.4	987.85706
780.6	988.11014
780.8	988.36322
781.0	988.6163
781.2	988.86938
781.4	989.12246
781.6	989.37554
781.8	989.62862
782.0	989.8817
782.2	990.13478
782.4	990.38786
782.6	990.64094
782.8	990.89402
783.0	991.1471
783.2	991.40018
783.4	991.65326
783.6	991.90634
783.8	992.15942
784.0	992.4125
784.2	992.66558
784.4	992.91866
784.6	993.17174
784.8	993.42482
785.0	993.6779
785.2	993.93098
785.4	994.18406
785.6	994.43714
785.8	994.69022
786.0	994.9433
786.2	995.19638
786.4	995.44946
786.6	995.70254
786.8	995.95562
787.0	996.2087
787.2	996.46178
787.4	996.71486
787.6	996.96794
787.8	997.22102
788.0	997.4741
788.2	997.72718
788.4	997.98026
788.6	998.23334
788.8	998.48642
789.0	998.7395
789.2	998.99258
789.4	999.24566
789.6	999.49874
789.8	999.75182
790.0	1000.0049
790.2	1000.25798
790.4	1000.51106
790.6	1000.76414
790.8	1001.01722
791.0	1001.2703
791.2	1001.52338
791.4	1001.77646
791.6	1002.02954
791.8	1002.28262
792.0	1002.5357
792.2	1002.78878
792.4	1003.04186
792.6	1003.29494
792.8	1003.54802
793.0	1003.8011
793.2	1004.05418
793.4	1004.30726
793.6	1004.56034
793.8	1004.81342
794.0	1005.0665
794.2	1005.31958
794.4	1005.57266
794.6	1005.82574
794.8	1006.07882
795.0	1006.3319
795.2	1006.58498
795.4	1006.83806
795.6	1007.09114
795.8	1007.34422
796.0	1007.5973
796.2	1007.85038
796.4	1008.10346
796.6	1008.35654
796.8	1008.60962
797.0	1008.8627
797.2	1009.11578
797.4	1009.36886
797.6	1009.62194
797.8	1009.87502
798.0	1010.1281
798.2	1010.38118
798.4	1010.63426
798.6	1010.88734
798.8	1011.14042
799.0	1011.3935
799.2	1011.64658
799.4	1011.89966
799.6	1012.15274
799.8	1012.40582
800.0	1012.6589
800.2	1012.91198
800.4	1013.16506
800.6	1013.41814
800.8	1013.67122
801.0	1013.9243
801.2	1014.17738
801.4	1014.43046
801.6	1014.68354
801.8	1014.93662
802.0	1015.1897
802.2	1015.44278
802.4	1015.69586
802.6	1015.94894
802.8	1016.20202
803.0	1016.4551
803.2	1016.70818
803.4	1016.96126
803.6	1017.21434
803.8	1017.46742
804.0	1017.7205
804.2	1017.97358
804.4	1018.22666
804.6	1018.47974
804.8	1018.73282
805.0	1018.9859
805.2	1019.23898
805.4	1019.49206
805.6	1019.74514
805.8	1019.99822
806.0	1020.2513
806.2	1020.50438
806.4	1020.75746
806.6	1021.01054
806.8	1021.26362
807.0	1021.5167
807.2	1021.76978
807.4	1022.02286
807.6	1022.27594
807.8	1022.52902
808.0	1022.7821
808.2	1023.03518
808.4	1023.28826
808.6	1023.54134
808.8	1023.79442
809.0	1024.0475
809.2	1024.30058
809.4	1024.55366
809.6	1024.80674
809.8	1025.05982
810.0	1025.3129
810.2	1025.56598
810.4	1025.81906
810.6	1026.07214
810.8	1026.32522
811.0	1026.5783
811.2	1026.83138
811.4	1027.08446
811.6	1027.33754
811.8	1027.59062
812.0	1027.8437
812.2	1028.09678
812.4	1028.34986
812.6	1028.60294
812.8	1028.85602
813.0	1029.1091
813.2	1029.36218
813.4	1029.61526
813.6	1029.86834
813.8	1030.12142
814.0	1030.3745
814.2	1030.62758
814.4	1030.88066
814.6	1031.13374
814.8	1031.38682
815.0	1031.6399
815.2	1031.89298
815.4	1032.14606
815.6	1032.39914
815.8	1032.65222
816.0	1032.9053
816.2	1033.15838
816.4	1033.41146
816.6	1033.66454
816.8	1033.91762
817.0	1034.1707
817.2	1034.42378
817.4	1034.67686
817.6	1034.92994
817.8	1035.18302
818.0	1035.4361
818.2	1035.68918
818.4	1035.94226
818.6	1036.19534
818.8	1036.44842
819.0	1036.7015
819.2	1036.95458
819.4	1037.20766
819.6	1037.46074
819.8	1037.71382
820.0	1037.9669
820.2	1038.21998
820.4	1038.47306
820.6	1038.72614
820.8	1038.97922
821.0	1039.2323
821.2	1039.48538
821.4	1039.73846
821.6	1039.99154
821.8	1040.24462
822.0	1040.4977
822.2	1040.75078
822.4	1041.00386
822.6	1041.25694
822.8	1041.51002
823.0	1041.7631
823.2	1042.01618
823.4	1042.26926
823.6	1042.52234
823.8	1042.77542
824.0	1043.0285
824.2	1043.28158
824.4	1043.53466
824.6	1043.78774
824.8	1044.04082
825.0	1044.2939
825.2	1044.54698
825.4	1044.80006
825.6	1045.05314
825.8	1045.30622
826.0	1045.5593
826.2	1045.81238
826.4	1046.06546
826.6	1046.31854
826.8	1046.57162
827.0	1046.8247
827.2	1047.07778
827.4	1047.33086
827.6	1047.58394
827.8	1047.83702
828.0	1048.0901
828.2	1048.34318
828.4	1048.59626
828.6	1048.84934
828.8	1049.10242
829.0	1049.3555
829.2	1049.60858
829.4	1049.86166
829.6	1050.11474
829.8	1050.36782
830.0	1050.6209
830.2	1050.87398
830.4	1051.12706
830.6	1051.38014
830.8	1051.63322
831.0	1051.8863
831.2	1052.13938
831.4	1052.39246
831.6	1052.64554
831.8	1052.89862
832.0	1053.1517
832.2	1053.40478
832.4	1053.65786
832.6	1053.91094
832.8	1054.16402
833.0	1054.4171
833.2	1054.67018
833.4	1054.92326
833.6	1055.17634
833.8	1055.42942
834.0	1055.6825
834.2	1055.93558
834.4	1056.18866
834.6	1056.44174
834.8	1056.69482
835.0	1056.9479
835.2	1057.20098
835.4	1057.45406
835.6	1057.70714
835.8	1057.96022
836.0	1058.2133
836.2	1058.46638
836.4	1058.71946
836.6	1058.97254
836.8	1059.22562
837.0	1059.4787
837.2	1059.73178
837.4	1059.98486
837.6	1060.23794
837.8	1060.49102
838.0	1060.7441
838.2	1060.99718
838.4	1061.25026
838.6	1061.50334
838.8	1061.75642
839.0	1062.0095
839.2	1062.26258
839.4	1062.51566
839.6	1062.76874
839.8	1063.02182
840.0	1063.2749
840.2	1063.52798
840.4	1063.78106
840.6	1064.03414
840.8	1064.28722
841.0	1064.5403
841.2	1064.79338
841.4	1065.04646
841.6	1065.29954
841.8	1065.55262
842.0	1065.8057
842.2	1066.05878
842.4	1066.31186
842.6	1066.56494
842.8	1066.81802
843.0	1067.0711
843.2	1067.32418
843.4	1067.57726
843.6	1067.83034
843.8	1068.08342
844.0	1068.3365
844.2	1068.58958
844.4	1068.84266
844.6	1069.09574
844.8	1069.34882
845.0	1069.6019
845.2	1069.85498
845.4	1070.10806
845.6	1070.36114
845.8	1070.61422
846.0	1070.8673
846.2	1071.12038
846.4	1071.37346
846.6	1071.62654
846.8	1071.87962
847.0	1072.1327
847.2	1072.38578
847.4	1072.63886
847.6	1072.89194
847.8	1073.14502
848.0	1073.3981
848.2	1073.65118
848.4	1073.90426
848.6	1074.15734
848.8	1074.41042
849.0	1074.6635
849.2	1074.91658
849.4	1075.16966
849.6	1075.42274
849.8	1075.67582
850.0	1075.9289
850.2	1076.18198
850.4	1076.43506
850.6	1076.68814
850.8	1076.94122
851.0	1077.1943
851.2	1077.44738
851.4	1077.70046
851.6	1077.95354
851.8	1078.20662
852.0	1078.4597
852.2	1078.71278
852.4	1078.96586
852.6	1079.21894
852.8	1079.47202
853.0	1079.7251
853.2	1079.97818
853.4	1080.23126
853.6	1080.48434
853.8	1080.73742
854.0	1080.9905
854.2	1081.24358
854.4	1081.49666
854.6	1081.74974
854.8	1082.00282
855.0	1082.2559
855.2	1082.50898
855.4	1082.76206
855.6	1083.01514
855.8	1083.26822
856.0	1083.5213
856.2	1083.77438
856.4	1084.02746
856.6	1084.28054
856.8	1084.53362
857.0	1084.7867
857.2	1085.03978
857.4	1085.29286
857.6	1085.54594
857.8	1085.79902
858.0	1086.0521
858.2	1086.30518
858.4	1086.55826
858.6	1086.81134
858.8	1087.06442
859.0	1087.3175
859.2	1087.57058
859.4	1087.82366
859.6	1088.07674
859.8	1088.32982
860.0	1088.5829
860.2	1088.83598
860.4	1089.08906
860.6	1089.34214
860.8	1089.59522
861.0	1089.8483
861.2	1090.10138
861.4	1090.35446
861.6	1090.60754
861.8	1090.86062
862.0	1091.1137
862.2	1091.36678
862.4	1091.61986
862.6	1091.87294
862.8	1092.12602
863.0	1092.3791
863.2	1092.63218
863.4	1092.88526
863.6	1093.13834
863.8	1093.39142
864.0	1093.6445
864.2	1093.89758
864.4	1094.15066
864.6	1094.40374
864.8	1094.65682
865.0	1094.9099
865.2	1095.16298
865.4	1095.41606
865.6	1095.66914
865.8	1095.92222
866.0	1096.1753
866.2	1096.42838
866.4	1096.68146
866.6	1096.93454
866.8	1097.18762
867.0	1097.4407
867.2	1097.69378
867.4	1097.94686
867.6	1098.19994
867.8	1098.45302
868.0	1098.7061
868.2	1098.95918
868.4	1099.21226
868.6	1099.46534
868.8	1099.71842
869.0	1099.9715
869.2	1100.22458
869.4	1100.47766
869.6	1100.73074
869.8	1100.98382
870.0	1101.2369
870.2	1101.48998
870.4	1101.74306
870.6	1101.99614
870.8	1102.24922
871.0	1102.5023
871.2	1102.75538
871.4	1103.00846
871.6	1103.26154
871.8	1103.51462
872.0	1103.7677
872.2	1104.02078
872.4	1104.27386
872.6	1104.52694
872.8	1104.78002
873.0	1105.0331
873.2	1105.28618
873.4	1105.53926
873.6	1105.79234
873.8	1106.04542
874.0	1106.2985
874.2	1106.55158
874.4	1106.80466
874.6	1107.05774
874.8	1107.31082
875.0	1107.5639
875.2	1107.81698
875.4	1108.07006
875.6	1108.32314
875.8	1108.57622
876.0	1108.8293
876.2	1109.08238
876.4	1109.33546
876.6	1109.58854
876.8	1109.84162
877.0	1110.0947
877.2	1110.34778
877.4	1110.60086
877.6	1110.85394
877.8	1111.10702
878.0	1111.3601
878.2	1111.61318
878.4	1111.86626
878.6	1112.11934
878.8	1112.37242
879.0	1112.6255
879.2	1112.87858
879.4	1113.13166
879.6	1113.38474
879.8	1113.63782
880.0	1113.8909
880.2	1114.14398
880.4	1114.39706
880.6	1114.65014
880.8	1114.90322
881.0	1115.1563
881.2	1115.40938
881.4	1115.66246
881.6	1115.91554
881.8	1116.16862
882.0	1116.4217
882.2	1116.67478
882.4	1116.92786
882.6	1117.18094
882.8	1117.43402
883.0	1117.6871
883.2	1117.94018
883.4	1118.19326
883.6	1118.44634
883.8	1118.69942
884.0	1118.9525
884.2	1119.20558
884.4	1119.45866
884.6	1119.71174
884.8	1119.96482
885.0	1120.2179
885.2	1120.47098
885.4	1120.72406
885.6	1120.97714
885.8	1121.23022
886.0	1121.4833
886.2	1121.73638
886.4	1121.98946
886.6	1122.24254
886.8	1122.49562
887.0	1122.7487
887.2	1123.00178
887.4	1123.25486
887.6	1123.50794
887.8	1123.76102
888.0	1124.0141
888.2	1124.26718
888.4	1124.52026
888.6	1124.77334
888.8	1125.02642
889.0	1125.2795
889.2	1125.53258
889.4	1125.78566
889.6	1126.03874
889.8	1126.29182
890.0	1126.5449
890.2	1126.79798
890.4	1127.05106
890.6	1127.30414
890.8	1127.55722
891.0	1127.8103
891.2	1128.06338
891.4	1128.31646
891.6	1128.56954
891.8	1128.82262
892.0	1129.0757
892.2	1129.32878
892.4	1129.58186
892.6	1129.83494
892.8	1130.08802
893.0	1130.3411
893.2	1130.59418
893.4	1130.84726
893.6	1131.10034
893.8	1131.35342
894.0	1131.6065
894.2	1131.85958
894.4	1132.11266
894.6	1132.36574
894.8	1132.61882
895.0	1132.8719
895.2	1133.12498
895.4	1133.37806
895.6	1133.63114
895.8	1133.88422
896.0	1134.1373
896.2	1134.39038
896.4	1134.64346
896.6	1134.89654
896.8	1135.14962
897.0	1135.4027
897.2	1135.65578
897.4	1135.90886
897.6	1136.16194
897.8	1136.41502
898.0	1136.6681
898.2	1136.92118
898.4	1137.17426
898.6	1137.42734
898.8	1137.68042
899.0	1137.9335
899.2	1138.18658
899.4	1138.43966
899.6	1138.69274
899.8	1138.94582
900.0	1139.1989
900.2	1139.45198
900.4	1139.70506
900.6	1139.95814
900.8	1140.21122
901.0	1140.4643
901.2	1140.71738
901.4	1140.97046
901.6	1141.22354
901.8	1141.47662
902.0	1141.7297
902.2	1141.98278
902.4	1142.23586
902.6	1142.48894
902.8	1142.74202
903.0	1142.9951
903.2	1143.24818
903.4	1143.50126
903.6	1143.75434
903.8	1144.00742
904.0	1144.2605
904.2	1144.51358
904.4	1144.76666
904.6	1145.01974
904.8	1145.27282
905.0	1145.5259
905.2	1145.77898
905.4	1146.03206
905.6	1146.28514
905.8	1146.53822
906.0	1146.7913
906.2	1147.04438
906.4	1147.29746
906.6	1147.55054
906.8	1147.80362
907.0	1148.0567
907.2	1148.30978
907.4	1148.56286
907.6	1148.81594
907.8	1149.06902
908.0	1149.3221
908.2	1149.57518
908.4	1149.82826
908.6	1150.08134
908.8	1150.33442
909.0	1150.5875
909.2	1150.84058
909.4	1151.09366
909.6	1151.34674
909.8	1151.59982
910.0	1151.8529
910.2	1152.10598
910.4	1152.35906
910.6	1152.61214
910.8	1152.86522
911.0	1153.1183
911.2	1153.37138
911.4	1153.62446
911.6	1153.87754
911.8	1154.13062
912.0	1154.3837
912.2	1154.63678
912.4	1154.88986
912.6	1155.14294
912.8	1155.39602
913.0	1155.6491
913.2	1155.90218
913.4	1156.15526
913.6	1156.40834
913.8	1156.66142
914.0	1156.9145
914.2	1157.16758
914.4	1157.42066
914.6	1157.67374
914.8	1157.92682
915.0	1158.1799
915.2	1158.43298
915.4	1158.68606
915.6	1158.93914
915.8	1159.19222
916.0	1159.4453
916.2	1159.69838
916.4	1159.95146
916.6	1160.20454
916.8	1160.45762
917.0	1160.7107
917.2	1160.96378
917.4	1161.21686
917.6	1161.46994
917.8	1161.72302
918.0	1161.9761
918.2	1162.22918
918.4	1162.48226
918.6	1162.73534
918.8	1162.98842
919.0	1163.2415
919.2	1163.49458
919.4	1163.74766
919.6	1164.00074
919.8	1164.25382
920.0	1164.5069
920.2	1164.75998
920.4	1165.01306
920.6	1165.26614
920.8	1165.51922
921.0	1165.7723
921.2	1166.02538
921.4	1166.27846
921.6	1166.53154
921.8	1166.78462
922.0	1167.0377
922.2	1167.29078
922.4	1167.54386
922.6	1167.79694
922.8	1168.05002
923.0	1168.3031
923.2	1168.55618
923.4	1168.80926
923.6	1169.06234
923.8	1169.31542
924.0	1169.5685
924.2	1169.82158
924.4	1170.07466
924.6	1170.32774
924.8	1170.58082
925.0	1170.8339
925.2	1171.08698
925.4	1171.34006
925.6	1171.59314
925.8	1171.84622
926.0	1172.0993
926.2	1172.35238
926.4	1172.60546
926.6	1172.85854
926.8	1173.11162
927.0	1173.3647
927.2	1173.61778
927.4	1173.87086
927.6	1174.12394
927.8	1174.37702
928.0	1174.6301
928.2	1174.88318
928.4	1175.13626
928.6	1175.38934
928.8	1175.64242
929.0	1175.8955
929.2	1176.14858
929.4	1176.40166
929.6	1176.65474
929.8	1176.90782
930.0	1177.1609
930.2	1177.41398
930.4	1177.66706
930.6	1177.92014
930.8	1178.17322
931.0	1178.4263
931.2	1178.67938
931.4	1178.93246
931.6	1179.18554
931.8	1179.43862
932.0	1179.6917
932.2	1179.94478
932.4	1180.19786
932.6	1180.45094
932.8	1180.70402
933.0	1180.9571
933.2	1181.21018
933.4	1181.46326
933.6	1181.71634
933.8	1181.96942
934.0	1182.2225
934.2	1182.47558
934.4	1182.72866
934.6	1182.98174
934.8	1183.23482
935.0	1183.4879
935.2	1183.74098
935.4	1183.99406
935.6	1184.24714
935.8	1184.50022
936.0	1184.7533
936.2	1185.00638
936.4	1185.25946
936.6	1185.51254
936.8	1185.76562
937.0	1186.0187
937.2	1186.27178
937.4	1186.52486
937.6	1186.77794
937.8	1187.03102
938.0	1187.2841
938.2	1187.53718
938.4	1187.79026
938.6	1188.04334
938.8	1188.29642
939.0	1188.5495
939.2	1188.80258
939.4	1189.05566
939.6	1189.30874
939.8	1189.56182
940.0	1189.8149
940.2	1190.06798
940.4	1190.32106
940.6	1190.57414
940.8	1190.82722
941.0	1191.0803
941.2	1191.33338
941.4	1191.58646
941.6	1191.83954
941.8	1192.09262
942.0	1192.3457
942.2	1192.59878
942.4	1192.85186
942.6	1193.10494
942.8	1193.35802
943.0	1193.6111
943.2	1193.86418
943.4	1194.11726
943.6	1194.37034
943.8	1194.62342
944.0	1194.8765
944.2	1195.12958
944.4	1195.38266
944.6	1195.63574
944.8	1195.88882
945.0	1196.1419
945.2	1196.39498
945.4	1196.64806
945.6	1196.90114
945.8	1197.15422
946.0	1197.4073
946.2	1197.66038
946.4	1197.91346
946.6	1198.16654
946.8	1198.41962
947.0	1198.6727
947.2	1198.92578
947.4	1199.17886
947.6	1199.43194
947.8	1199.68502
948.0	1199.9381
948.2	1200.19118
948.4	1200.44426
948.6	1200.69734
948.8	1200.95042
949.0	1201.2035
949.2	1201.45658
949.4	1201.70966
949.6	1201.96274
949.8	1202.21582
950.0	1202.4689
950.2	1202.72198
950.4	1202.97506
950.6	1203.22814
950.8	1203.48122
951.0	1203.7343
951.2	1203.98738
951.4	1204.24046
951.6	1204.49354
951.8	1204.74662
952.0	1204.9997
952.2	1205.25278
952.4	1205.50586
952.6	1205.75894
952.8	1206.01202
953.0	1206.2651
953.2	1206.51818
953.4	1206.77126
953.6	1207.02434
953.8	1207.27742
954.0	1207.5305
954.2	1207.78358
954.4	1208.03666
954.6	1208.28974
954.8	1208.54282
955.0	1208.7959
955.2	1209.04898
955.4	1209.30206
955.6	1209.55514
955.8	1209.80822
956.0	1210.0613
956.2	1210.31438
956.4	1210.56746
956.6	1210.82054
956.8	1211.07362
957.0	1211.3267
957.2	1211.57978
957.4	1211.83286
957.6	1212.08594
957.8	1212.33902
958.0	1212.5921
958.2	1212.84518
958.4	1213.09826
958.6	1213.35134
958.8	1213.60442
959.0	1213.8575
959.2	1214.11058
959.4	1214.36366
959.6	1214.61674
959.8	1214.86982
960.0	1215.1229
960.2	1215.37598
960.4	1215.62906
960.6	1215.88214
960.8	1216.13522
961.0	1216.3883
961.2	1216.64138
961.4	1216.89446
961.6	1217.14754
961.8	1217.40062
962.0	1217.6537
962.2	1217.90678
962.4	1218.15986
962.6	1218.41294
962.8	1218.66602
963.0	1218.9191
963.2	1219.17218
963.4	1219.42526
963.6	1219.67834
963.8	1219.93142
964.0	1220.1845
964.2	1220.43758
964.4	1220.69066
964.6	1220.94374
964.8	1221.19682
965.0	1221.4499
965.2	1221.70298
965.4	1221.95606
965.6	1222.20914
965.8	1222.46222
966.0	1222.7153
966.2	1222.96838
966.4	1223.22146
966.6	1223.47454
966.8	1223.72762
967.0	1223.9807
967.2	1224.23378
967.4	1224.48686
967.6	1224.73994
967.8	1224.99302
968.0	1225.2461
968.2	1225.49918
968.4	1225.75226
968.6	1226.00534
968.8	1226.25842
969.0	1226.5115
969.2	1226.76458
969.4	1227.01766
969.6	1227.27074
969.8	1227.52382
970.0	1227.7769
970.2	1228.02998
970.4	1228.28306
970.6	1228.53614
970.8	1228.78922
971.0	1229.0423
971.2	1229.29538
971.4	1229.54846
971.6	1229.80154
971.8	1230.05462
972.0	1230.3077
972.2	1230.56078
972.4	1230.81386
972.6	1231.06694
972.8	1231.32002
973.0	1231.5731
973.2	1231.82618
973.4	1232.07926
973.6	1232.33234
973.8	1232.58542
974.0	1232.8385
974.2	1233.09158
974.4	1233.34466
974.6	1233.59774
974.8	1233.85082
975.0	1234.1039
975.2	1234.35698
975.4	1234.61006
975.6	1234.86314
975.8	1235.11622
976.0	1235.3693
976.2	1235.62238
976.4	1235.87546
976.6	1236.12854
976.8	1236.38162
977.0	1236.6347
977.2	1236.88778
977.4	1237.14086
977.6	1237.39394
977.8	1237.64702
978.0	1237.9001
978.2	1238.15318
978.4	1238.40626
978.6	1238.65934
978.8	1238.91242
979.0	1239.1655
979.2	1239.41858
979.4	1239.67166
979.6	1239.92474
979.8	1240.17782
980.0	1240.4309
980.2	1240.68398
980.4	1240.93706
980.6	1241.19014
980.8	1241.44322
981.0	1241.6963
981.2	1241.94938
981.4	1242.20246
981.6	1242.45554
981.8	1242.70862
982.0	1242.9617
982.2	1243.21478
982.4	1243.46786
982.6	1243.72094
982.8	1243.97402
983.0	1244.2271
983.2	1244.48018
983.4	1244.73326
983.6	1244.98634
983.8	1245.23942
984.0	1245.4925
984.2	1245.74558
984.4	1245.99866
984.6	1246.25174
984.8	1246.50482
985.0	1246.7579
985.2	1247.01098
985.4	1247.26406
985.6	1247.51714
985.8	1247.77022
986.0	1248.0233
986.2	1248.27638
986.4	1248.52946
986.6	1248.78254
986.8	1249.03562
987.0	1249.2887
987.2	1249.54178
987.4	1249.79486
987.6	1250.04794
987.8	1250.30102
988.0	1250.5541
988.2	1250.80718
988.4	1251.06026
988.6	1251.31334
988.8	1251.56642
989.0	1251.8195
989.2	1252.07258
989.4	1252.32566
989.6	1252.57874
989.8	1252.83182
990.0	1253.0849
990.2	1253.33798
990.4	1253.59106
990.6	1253.84414
990.8	1254.09722
991.0	1254.3503
991.2	1254.60338
991.4	1254.85646
991.6	1255.10954
991.8	1255.36262
992.0	1255.6157
992.2	1255.86878
992.4	1256.12186
992.6	1256.37494
992.8	1256.62802
993.0	1256.8811
993.2	1257.13418
993.4	1257.38726
993.6	1257.64034
993.8	1257.89342
994.0	1258.1465
994.2	1258.39958
994.4	1258.65266
994.6	1258.90574
994.8	1259.15882
995.0	1259.4119
995.2	1259.66498
995.4	1259.91806
995.6	1000.11114
995.8	1260.42422
996.0	1260.6773
996.2	1260.93038
996.4	1261.18346
996.6	1261.43654
996.8	1261.68962
997.0	1261.9427
997.2	1262.19578
997.4	1262.44886
997.6	1262.70194
997.8	1262.95502
998.0	1263.2081
998.2	1263.46118
998.4	1263.71426
998.6   0.1	
998.8	1264.22042
999.0	1264.4735
999.2	1264.72658
999.4	1264.97966
999.6	1265.23274
999.8	1555.48582
